Timestamp,Voltage,Current,Power,Ah,AhSeconds,AhHours
15-10-2021 17:16:45,14.3983,194.5810,2834.06,0.0000e+00,0.0,0.000
15-10-2021 17:16:50,14.3995,192.6177,2806.54,2.7420e-01,5.1,0.001
15-10-2021 17:16:55,14.3995,190.8344,2780.27,5.5105e-01,10.3,0.003
15-10-2021 17:17:00,14.3995,189.4110,2759.00,8.2034e-01,15.4,0.004
15-10-2021 17:17:06,14.3983,188.3312,2742.12,1.0878e+00,20.5,0.006
15-10-2021 17:17:11,14.3995,187.3004,2727.73,1.3538e+00,25.6,0.007
15-10-2021 17:17:16,14.3983,186.4333,2715.85,1.6186e+00,30.8,0.009
15-10-2021 17:17:21,14.3983,185.8443,2705.84,1.8874e+00,35.9,0.010
15-10-2021 17:17:26,14.3983,185.2389,2697.08,2.1501e+00,41.1,0.011
15-10-2021 17:17:31,14.3995,184.7154,2691.45,2.4173e+00,46.2,0.013
15-10-2021 17:17:36,14.3995,184.2737,2685.20,2.6838e+00,51.4,0.014
15-10-2021 17:17:42,14.3983,183.9791,2679.57,2.9447e+00,56.6,0.016
15-10-2021 17:17:47,14.3995,183.6683,2674.56,3.2101e+00,61.7,0.017
15-10-2021 17:17:52,14.3983,183.5701,2671.44,3.4703e+00,66.8,0.019
15-10-2021 17:17:57,14.3995,183.4392,2670.81,3.7352e+00,72.0,0.020
15-10-2021 17:18:02,14.3983,183.3411,2671.44,3.9949e+00,77.2,0.021
15-10-2021 17:18:07,14.3995,183.3083,2672.06,4.2598e+00,82.3,0.023
15-10-2021 17:18:12,14.3995,183.4065,2670.81,4.5194e+00,87.4,0.024
15-10-2021 17:18:18,14.3995,183.4392,2670.81,4.7845e+00,92.6,0.026
15-10-2021 17:18:23,14.3995,183.5210,2673.94,5.0445e+00,97.7,0.027
15-10-2021 17:18:28,14.3995,183.7174,2675.81,5.3046e+00,102.8,0.029
15-10-2021 17:18:33,14.3995,183.8810,2679.57,5.5699e+00,108.0,0.030
15-10-2021 17:18:38,14.3983,184.2246,2683.32,5.8309e+00,113.1,0.031
15-10-2021 17:18:43,14.3995,184.4209,2686.45,6.0922e+00,118.2,0.033
15-10-2021 17:18:48,14.3983,184.7808,2690.83,6.3586e+00,123.4,0.034
15-10-2021 17:18:54,14.3983,185.0426,2695.20,6.6208e+00,128.5,0.036
15-10-2021 17:18:59,14.3983,185.4189,2698.96,6.8829e+00,133.6,0.037
15-10-2021 17:19:04,14.3995,185.6643,2705.21,7.1457e+00,138.8,0.039
15-10-2021 17:19:09,14.3995,186.1061,2709.59,7.4142e+00,143.9,0.040
15-10-2021 17:19:14,14.3983,186.5478,2717.10,7.6783e+00,149.1,0.041
15-10-2021 17:19:19,14.3983,187.0714,2723.98,7.9477e+00,154.2,0.043
15-10-2021 17:19:24,14.3983,187.4967,2730.23,8.2135e+00,159.3,0.044
15-10-2021 17:19:30,14.3995,187.9712,2737.74,8.4846e+00,164.5,0.046
15-10-2021 17:19:35,14.3983,188.3312,2744.62,8.7507e+00,169.6,0.047
15-10-2021 17:19:40,14.3995,188.9365,2749.62,9.0178e+00,174.8,0.049
15-10-2021 17:19:45,14.3983,189.4764,2757.75,9.2911e+00,179.9,0.050
15-10-2021 17:19:50,14.3983,190.0163,2767.14,9.5604e+00,185.1,0.051
15-10-2021 17:19:55,14.3995,190.5072,2775.27,9.8352e+00,190.2,0.053
15-10-2021 17:20:00,14.3995,191.0962,2782.15,1.0105e+01,195.3,0.054
15-10-2021 17:20:06,14.3995,191.6361,2792.15,1.0376e+01,200.4,0.056
15-10-2021 17:20:11,14.3983,192.2742,2798.41,1.0648e+01,205.5,0.057
15-10-2021 17:20:16,14.3995,192.7650,2805.91,1.0926e+01,210.7,0.059
15-10-2021 17:20:21,14.3995,193.2558,2815.92,1.1200e+01,215.9,0.060
15-10-2021 17:20:26,14.3983,194.0084,2823.43,1.1479e+01,221.0,0.061
15-10-2021 17:20:31,14.3995,194.4829,2834.06,1.1759e+01,226.2,0.063
15-10-2021 17:20:36,14.3983,195.0882,2840.32,1.2036e+01,231.3,0.064
15-10-2021 17:20:42,14.3995,195.6118,2849.07,1.2312e+01,236.5,0.066
15-10-2021 17:20:47,14.3995,196.1517,2857.20,1.2595e+01,241.6,0.067
15-10-2021 17:20:52,14.3995,196.6262,2864.71,1.2873e+01,246.7,0.069
15-10-2021 17:20:57,14.3983,197.2152,2871.59,1.3158e+01,251.9,0.070
15-10-2021 17:21:02,14.3995,197.7714,2880.35,1.3438e+01,257.1,0.071
15-10-2021 17:21:07,14.3983,198.3277,2889.10,1.3724e+01,262.2,0.073
15-10-2021 17:21:12,14.3983,198.8840,2896.61,1.4005e+01,267.3,0.074
15-10-2021 17:21:18,14.3983,199.4075,2903.49,1.4293e+01,272.5,0.076
15-10-2021 17:21:23,14.3983,199.8984,2911.62,1.4577e+01,277.6,0.077
15-10-2021 17:21:28,14.3960,199.9965,2912.25,1.4860e+01,282.7,0.079
15-10-2021 17:21:33,14.3925,199.9965,2911.62,1.5142e+01,287.8,0.080
15-10-2021 17:21:38,14.3890,199.9965,2910.37,1.5432e+01,293.0,0.081
15-10-2021 17:21:43,14.3843,199.9965,2909.12,1.5715e+01,298.1,0.083
15-10-2021 17:21:48,14.3808,199.9965,2909.12,1.5998e+01,303.2,0.084
15-10-2021 17:21:53,14.3773,199.9802,2908.49,1.6281e+01,308.4,0.086
15-10-2021 17:21:59,14.3738,199.9802,2907.87,1.6570e+01,313.5,0.087
15-10-2021 17:22:04,14.3703,199.9965,2907.24,1.6854e+01,318.6,0.089
15-10-2021 17:22:09,14.3668,199.9802,2906.62,1.7142e+01,323.8,0.090
15-10-2021 17:22:14,14.3633,199.9802,2905.37,1.7426e+01,328.9,0.091
15-10-2021 17:22:19,14.3598,199.9965,2904.74,1.7715e+01,334.1,0.093
15-10-2021 17:22:24,14.3575,199.9638,2904.74,1.7998e+01,339.2,0.094
15-10-2021 17:22:29,14.3540,199.9802,2904.12,1.8281e+01,344.3,0.096
15-10-2021 17:22:34,14.3516,199.9965,2902.86,1.8564e+01,349.4,0.097
15-10-2021 17:22:40,14.3493,199.9802,2902.24,1.8848e+01,354.5,0.098
15-10-2021 17:22:45,14.3470,199.9965,2902.24,1.9136e+01,359.7,0.100
15-10-2021 17:22:50,14.3435,199.9802,2901.61,1.9421e+01,364.8,0.101
15-10-2021 17:22:55,14.3411,199.9802,2900.99,1.9704e+01,369.9,0.103
15-10-2021 17:23:00,14.3388,199.9474,2900.36,1.9993e+01,375.1,0.104
15-10-2021 17:23:05,14.3365,199.9802,2900.36,2.0275e+01,380.2,0.106
15-10-2021 17:23:10,14.3341,199.9965,2899.74,2.0559e+01,385.4,0.107
15-10-2021 17:23:16,14.3318,199.9802,2899.74,2.0848e+01,390.5,0.108
15-10-2021 17:23:21,14.3295,199.9965,2899.11,2.1131e+01,395.6,0.110
15-10-2021 17:23:26,14.3283,199.9965,2898.49,2.1414e+01,400.7,0.111
15-10-2021 17:23:31,14.3260,199.9802,2897.86,2.1703e+01,405.9,0.113
15-10-2021 17:23:36,14.3236,199.9965,2897.24,2.1987e+01,411.0,0.114
15-10-2021 17:23:41,14.3213,199.9638,2897.24,2.2274e+01,416.2,0.116
15-10-2021 17:23:46,14.3201,199.9802,2896.61,2.2554e+01,421.3,0.117
15-10-2021 17:23:51,14.3178,199.9965,2896.61,2.2842e+01,426.4,0.118
15-10-2021 17:23:57,14.3166,199.9802,2895.98,2.3125e+01,431.6,0.120
15-10-2021 17:24:02,14.3155,199.9802,2895.98,2.3408e+01,436.6,0.121
15-10-2021 17:24:07,14.3143,199.9802,2895.36,2.3691e+01,441.7,0.123
15-10-2021 17:24:12,14.3120,199.9965,2895.36,2.3975e+01,446.8,0.124
15-10-2021 17:24:17,14.3108,200.0129,2894.73,2.4259e+01,451.9,0.126
15-10-2021 17:24:22,14.3096,199.9802,2894.73,2.4541e+01,457.1,0.127
15-10-2021 17:24:27,14.3085,199.9965,2894.11,2.4825e+01,462.2,0.128
15-10-2021 17:24:32,14.3073,199.9965,2894.11,2.5108e+01,467.3,0.130
15-10-2021 17:24:37,14.3050,199.9802,2894.11,2.5398e+01,472.4,0.131
15-10-2021 17:24:43,14.3050,199.9802,2893.48,2.5681e+01,477.6,0.133
15-10-2021 17:24:48,14.3038,199.9802,2893.48,2.5969e+01,482.7,0.134
15-10-2021 17:24:53,14.3026,199.9802,2892.86,2.6258e+01,487.9,0.136
15-10-2021 17:24:58,14.3015,200.0129,2892.86,2.6541e+01,493.0,0.137
15-10-2021 17:25:03,14.3003,199.9965,2893.48,2.6830e+01,498.2,0.138
15-10-2021 17:25:08,14.2991,199.9965,2892.86,2.7114e+01,503.3,0.140
15-10-2021 17:25:14,14.2980,199.9802,2892.86,2.7396e+01,508.5,0.141
15-10-2021 17:25:19,14.2980,199.9965,2892.23,2.7686e+01,513.6,0.143
15-10-2021 17:25:24,14.2968,199.9965,2892.23,2.7975e+01,518.8,0.144
15-10-2021 17:25:29,14.2956,199.9802,2891.61,2.8257e+01,523.9,0.146
15-10-2021 17:25:34,14.2945,199.9638,2891.61,2.8542e+01,529.1,0.147
15-10-2021 17:25:39,14.2933,199.9802,2891.61,2.8830e+01,534.2,0.148
15-10-2021 17:25:44,14.2933,199.9802,2891.61,2.9113e+01,539.3,0.150
15-10-2021 17:25:50,14.2921,199.9802,2890.98,2.9403e+01,544.5,0.151
15-10-2021 17:25:55,14.2921,199.9965,2890.98,2.9686e+01,549.6,0.153
15-10-2021 17:26:00,14.2910,199.9802,2890.98,2.9969e+01,554.7,0.154
15-10-2021 17:26:05,14.2898,199.9965,2890.98,3.0258e+01,559.9,0.156
15-10-2021 17:26:10,14.2898,199.9965,2890.35,3.0541e+01,565.0,0.157
15-10-2021 17:26:15,14.2886,199.9965,2890.98,3.0824e+01,570.1,0.158
15-10-2021 17:26:20,14.2886,199.9965,2890.35,3.1108e+01,575.3,0.160
15-10-2021 17:26:25,14.2875,200.0129,2890.35,3.1392e+01,580.3,0.161
15-10-2021 17:26:31,14.2863,199.9802,2890.35,3.1681e+01,585.5,0.163
15-10-2021 17:26:36,14.2863,199.9965,2890.35,3.1962e+01,590.6,0.164
15-10-2021 17:26:41,14.2863,199.9802,2889.73,3.2246e+01,595.7,0.166
15-10-2021 17:26:46,14.2863,199.9802,2890.35,3.2531e+01,600.8,0.167
15-10-2021 17:26:51,14.2851,199.9965,2889.73,3.2812e+01,606.0,0.168
15-10-2021 17:26:56,14.2840,199.9802,2889.73,3.3102e+01,611.1,0.170
15-10-2021 17:27:01,14.2840,199.9802,2889.73,3.3384e+01,616.2,0.171
15-10-2021 17:27:06,14.2840,199.9802,2889.73,3.3669e+01,621.3,0.173
15-10-2021 17:27:12,14.2828,199.9802,2889.73,3.3956e+01,626.5,0.174
15-10-2021 17:27:17,14.2828,199.9965,2889.73,3.4241e+01,631.7,0.175
15-10-2021 17:27:22,14.2828,199.9802,2889.73,3.4529e+01,636.8,0.177
15-10-2021 17:27:27,14.2816,199.9965,2889.10,3.4812e+01,642.0,0.178
15-10-2021 17:27:32,14.2816,199.9802,2889.10,3.5102e+01,647.1,0.180
15-10-2021 17:27:37,14.2816,199.9802,2889.10,3.5390e+01,652.3,0.181
15-10-2021 17:27:42,14.2816,200.0129,2889.10,3.5673e+01,657.4,0.183
15-10-2021 17:27:48,14.2816,199.9802,2889.10,3.5956e+01,662.6,0.184
15-10-2021 17:27:53,14.2816,199.9965,2889.10,3.6247e+01,667.7,0.185
15-10-2021 17:27:58,14.2805,199.9965,2888.48,3.6536e+01,672.9,0.187
15-10-2021 17:28:03,14.2805,199.9802,2888.48,3.6819e+01,678.0,0.188
15-10-2021 17:28:08,14.2816,199.9802,2889.10,3.7107e+01,683.2,0.190
15-10-2021 17:28:13,14.2816,200.0129,2889.10,3.7396e+01,688.4,0.191
15-10-2021 17:28:19,14.2816,199.9965,2889.10,3.7679e+01,693.6,0.193
15-10-2021 17:28:24,14.2816,199.9802,2889.10,3.7968e+01,698.7,0.194
15-10-2021 17:28:29,14.2816,199.9965,2889.10,3.8252e+01,703.8,0.196
15-10-2021 17:28:34,14.2816,199.9965,2889.10,3.8535e+01,709.0,0.197
15-10-2021 17:28:39,14.2805,199.9802,2889.10,3.8819e+01,714.0,0.198
15-10-2021 17:28:44,14.2805,199.9802,2889.10,3.9103e+01,719.1,0.200
15-10-2021 17:28:49,14.2805,199.9965,2889.10,3.9389e+01,724.3,0.201
15-10-2021 17:28:54,14.2805,199.9965,2889.10,3.9673e+01,729.4,0.203
15-10-2021 17:29:00,14.2816,199.9965,2889.10,3.9957e+01,734.5,0.204
15-10-2021 17:29:05,14.2805,199.9802,2889.10,4.0247e+01,739.7,0.205
15-10-2021 17:29:10,14.2805,199.9802,2889.10,4.0527e+01,744.8,0.207
15-10-2021 17:29:15,14.2805,199.9965,2889.10,4.0812e+01,749.9,0.208
15-10-2021 17:29:20,14.2805,199.9965,2889.10,4.1096e+01,755.1,0.210
15-10-2021 17:29:25,14.2805,199.9965,2889.10,4.1386e+01,760.2,0.211
15-10-2021 17:29:30,14.2805,200.0129,2889.10,4.1667e+01,765.3,0.213
15-10-2021 17:29:35,14.2805,199.9802,2889.10,4.1952e+01,770.5,0.214
15-10-2021 17:29:41,14.2805,199.9802,2889.10,4.2233e+01,775.6,0.215
15-10-2021 17:29:46,14.2805,199.9802,2889.10,4.2523e+01,780.7,0.217
15-10-2021 17:29:51,14.2805,199.9802,2888.48,4.2805e+01,785.9,0.218
15-10-2021 17:29:56,14.2816,199.9965,2889.10,4.3095e+01,791.0,0.220
15-10-2021 17:30:01,14.2805,199.9802,2889.10,4.3380e+01,796.2,0.221
15-10-2021 17:30:06,14.2805,199.9965,2889.10,4.3667e+01,801.3,0.223
15-10-2021 17:30:11,14.2805,199.9802,2889.10,4.3953e+01,806.5,0.224
15-10-2021 17:30:17,14.2816,200.0129,2889.10,4.4240e+01,811.6,0.225
15-10-2021 17:30:22,14.2816,199.9965,2889.10,4.4521e+01,816.7,0.227
15-10-2021 17:30:27,14.2816,200.0129,2889.10,4.4812e+01,821.9,0.228
15-10-2021 17:30:32,14.2816,199.9802,2889.10,4.5094e+01,827.0,0.230
15-10-2021 17:30:37,14.2816,199.9965,2889.10,4.5380e+01,832.1,0.231
15-10-2021 17:30:42,14.2816,199.9638,2889.10,4.5667e+01,837.3,0.233
15-10-2021 17:30:47,14.2816,199.9965,2889.10,4.5949e+01,842.4,0.234
15-10-2021 17:30:53,14.2816,199.9802,2889.10,4.6235e+01,847.5,0.235
15-10-2021 17:30:58,14.2828,199.9965,2889.10,4.6523e+01,852.7,0.237
15-10-2021 17:31:03,14.2828,199.9965,2889.10,4.6805e+01,857.8,0.238
15-10-2021 17:31:08,14.2828,199.9802,2889.10,4.7091e+01,862.9,0.240
15-10-2021 17:31:13,14.2828,199.9802,2889.10,4.7373e+01,868.0,0.241
15-10-2021 17:31:18,14.2828,199.9802,2889.73,4.7661e+01,873.2,0.243
15-10-2021 17:31:23,14.2828,199.9965,2889.10,4.7943e+01,878.4,0.244
15-10-2021 17:31:29,14.2828,199.9965,2889.73,4.8235e+01,883.5,0.245
15-10-2021 17:31:34,14.2840,199.9802,2889.73,4.8518e+01,888.7,0.247
15-10-2021 17:31:39,14.2840,199.9802,2889.10,4.8806e+01,893.8,0.248
15-10-2021 17:31:44,14.2840,199.9965,2889.73,4.9088e+01,898.9,0.250
15-10-2021 17:31:49,14.2840,199.9802,2889.10,4.9376e+01,904.1,0.251
15-10-2021 17:31:54,14.2840,199.9965,2889.73,4.9663e+01,909.3,0.253
15-10-2021 17:31:59,14.2840,199.9802,2889.73,4.9951e+01,914.4,0.254
15-10-2021 17:32:05,14.2851,199.9802,2889.73,5.0234e+01,919.5,0.255
15-10-2021 17:32:10,14.2851,199.9802,2889.73,5.0517e+01,924.7,0.257
15-10-2021 17:32:15,14.2851,199.9965,2889.73,5.0805e+01,929.8,0.258
15-10-2021 17:32:20,14.2851,199.9802,2889.73,5.1088e+01,934.9,0.260
15-10-2021 17:32:25,14.2863,199.9802,2889.73,5.1371e+01,940.1,0.261
15-10-2021 17:32:30,14.2863,199.9965,2889.73,5.1660e+01,945.2,0.263
15-10-2021 17:32:35,14.2863,199.9965,2890.35,5.1943e+01,950.3,0.264
15-10-2021 17:32:41,14.2863,199.9965,2890.35,5.2226e+01,955.5,0.265
15-10-2021 17:32:46,14.2875,199.9965,2889.73,5.2519e+01,960.6,0.267
15-10-2021 17:32:51,14.2875,199.9965,2890.35,5.2802e+01,965.7,0.268
15-10-2021 17:32:56,14.2875,199.9965,2890.35,5.3085e+01,970.9,0.270
15-10-2021 17:33:01,14.2875,199.9802,2890.35,5.3369e+01,975.9,0.271
15-10-2021 17:33:06,14.2886,199.9802,2890.35,5.3652e+01,981.1,0.273
15-10-2021 17:33:11,14.2886,199.9965,2890.35,5.3941e+01,986.2,0.274
15-10-2021 17:33:16,14.2886,199.9965,2890.35,5.4224e+01,991.3,0.275
15-10-2021 17:33:22,14.2886,199.9802,2890.98,5.4503e+01,996.4,0.277
15-10-2021 17:33:27,14.2898,199.9802,2890.35,5.4792e+01,1001.6,0.278
15-10-2021 17:33:32,14.2898,199.9802,2890.98,5.5076e+01,1006.8,0.280
15-10-2021 17:33:37,14.2898,199.9802,2890.98,5.5365e+01,1011.9,0.281
15-10-2021 17:33:42,14.2898,199.9802,2890.98,5.5649e+01,1017.0,0.282
15-10-2021 17:33:47,14.2910,199.9965,2890.98,5.5932e+01,1022.2,0.284
15-10-2021 17:33:52,14.2910,199.9965,2890.98,5.6222e+01,1027.3,0.285
15-10-2021 17:33:58,14.2910,199.9802,2890.98,5.6505e+01,1032.4,0.287
15-10-2021 17:34:03,14.2921,199.9802,2890.98,5.6789e+01,1037.6,0.288
15-10-2021 17:34:08,14.2921,199.9965,2890.98,5.7079e+01,1042.7,0.290
15-10-2021 17:34:13,14.2933,199.9965,2891.61,5.7362e+01,1047.8,0.291
15-10-2021 17:34:18,14.2933,199.9965,2890.98,5.7652e+01,1053.0,0.293
15-10-2021 17:34:23,14.2933,199.9802,2891.61,5.7931e+01,1058.2,0.294
15-10-2021 17:34:28,14.2933,199.9965,2891.61,5.8221e+01,1063.4,0.295
15-10-2021 17:34:34,14.2945,199.9965,2891.61,5.8505e+01,1068.5,0.297
15-10-2021 17:34:39,14.2945,199.9802,2891.61,5.8794e+01,1073.6,0.298
15-10-2021 17:34:44,14.2956,199.9802,2891.61,5.9079e+01,1078.8,0.300
15-10-2021 17:34:49,14.2956,199.9802,2891.61,5.9368e+01,1083.9,0.301
15-10-2021 17:34:54,14.2956,199.9802,2892.23,5.9653e+01,1089.1,0.303
15-10-2021 17:34:59,14.2956,199.9965,2892.23,5.9943e+01,1094.3,0.304
15-10-2021 17:35:04,14.2968,199.9802,2892.23,6.0227e+01,1099.4,0.305
15-10-2021 17:35:10,14.2980,199.9802,2892.23,6.0512e+01,1104.5,0.307
15-10-2021 17:35:15,14.2980,199.9638,2892.23,6.0796e+01,1109.7,0.308
15-10-2021 17:35:20,14.2980,199.9802,2892.23,6.1081e+01,1114.8,0.310
15-10-2021 17:35:25,14.2991,199.9965,2892.23,6.1366e+01,1119.9,0.311
15-10-2021 17:35:30,14.2991,199.9802,2892.86,6.1650e+01,1125.1,0.313
15-10-2021 17:35:35,14.2991,199.9802,2892.23,6.1940e+01,1130.2,0.314
15-10-2021 17:35:40,14.2991,199.9965,2892.23,6.2220e+01,1135.3,0.315
15-10-2021 17:35:46,14.3003,199.9965,2892.86,6.2504e+01,1140.4,0.317
15-10-2021 17:35:51,14.3015,199.9965,2892.86,6.2795e+01,1145.6,0.318
15-10-2021 17:35:56,14.3015,199.9965,2892.86,6.3074e+01,1150.7,0.320
15-10-2021 17:36:01,14.3026,199.9802,2892.86,6.3365e+01,1155.9,0.321
15-10-2021 17:36:06,14.3026,199.9965,2892.86,6.3649e+01,1161.0,0.322
15-10-2021 17:36:11,14.3026,199.9638,2892.86,6.3934e+01,1166.1,0.324
15-10-2021 17:36:16,14.3038,199.9802,2893.48,6.4219e+01,1171.3,0.325
15-10-2021 17:36:21,14.3038,199.9965,2893.48,6.4504e+01,1176.4,0.327
15-10-2021 17:36:27,14.3038,200.0129,2893.48,6.4795e+01,1181.6,0.328
15-10-2021 17:36:32,14.3050,199.9802,2893.48,6.5075e+01,1186.7,0.330
15-10-2021 17:36:37,14.3050,199.9965,2894.11,6.5365e+01,1191.9,0.331
15-10-2021 17:36:42,14.3050,199.9802,2894.11,6.5650e+01,1197.0,0.333
15-10-2021 17:36:47,14.3061,199.9965,2894.11,6.5935e+01,1202.2,0.334
15-10-2021 17:36:52,14.3061,199.9802,2894.11,6.6221e+01,1207.4,0.335
15-10-2021 17:36:58,14.3073,199.9965,2894.11,6.6511e+01,1212.5,0.337
15-10-2021 17:37:03,14.3085,199.9965,2894.11,6.6797e+01,1217.7,0.338
15-10-2021 17:37:08,14.3085,200.0293,2894.11,6.7082e+01,1222.8,0.340
15-10-2021 17:37:13,14.3085,199.9965,2894.73,6.7367e+01,1228.0,0.341
15-10-2021 17:37:18,14.3085,199.9802,2894.73,6.7653e+01,1233.1,0.343
15-10-2021 17:37:23,14.3096,199.9965,2894.11,6.7938e+01,1238.2,0.344
15-10-2021 17:37:28,14.3096,199.9965,2894.73,6.8229e+01,1243.4,0.345
15-10-2021 17:37:34,14.3108,199.9802,2894.73,6.8509e+01,1248.5,0.347
15-10-2021 17:37:39,14.3108,199.9638,2894.73,6.8794e+01,1253.7,0.348
15-10-2021 17:37:44,14.3120,199.9802,2895.36,6.9080e+01,1258.8,0.350
15-10-2021 17:37:49,14.3120,199.9802,2895.36,6.9365e+01,1263.9,0.351
15-10-2021 17:37:54,14.3120,199.9965,2895.36,6.9651e+01,1269.0,0.352
15-10-2021 17:37:59,14.3131,199.9802,2895.36,6.9931e+01,1274.1,0.354
15-10-2021 17:38:04,14.3131,199.9802,2895.36,7.0217e+01,1279.3,0.355
15-10-2021 17:38:09,14.3143,199.9802,2895.98,7.0502e+01,1284.4,0.357
15-10-2021 17:38:15,14.3155,199.9965,2895.36,7.0788e+01,1289.6,0.358
15-10-2021 17:38:20,14.3155,199.9802,2895.98,7.1073e+01,1294.7,0.360
15-10-2021 17:38:25,14.3155,199.9802,2895.98,7.1359e+01,1299.8,0.361
15-10-2021 17:38:30,14.3166,199.9802,2895.98,7.1645e+01,1305.0,0.363
15-10-2021 17:38:35,14.3166,199.9965,2895.98,7.1931e+01,1310.1,0.364
15-10-2021 17:38:40,14.3178,199.9965,2896.61,7.2222e+01,1315.3,0.365
15-10-2021 17:38:45,14.3190,199.9802,2896.61,7.2502e+01,1320.4,0.367
15-10-2021 17:38:51,14.3190,199.9802,2896.61,7.2794e+01,1325.6,0.368
15-10-2021 17:38:56,14.3201,199.9802,2896.61,7.3074e+01,1330.8,0.370
15-10-2021 17:39:01,14.3201,199.9802,2896.61,7.3360e+01,1335.9,0.371
15-10-2021 17:39:06,14.3201,199.9802,2897.24,7.3645e+01,1341.0,0.373
15-10-2021 17:39:11,14.3213,199.9965,2897.24,7.3932e+01,1346.1,0.374
15-10-2021 17:39:16,14.3213,199.9802,2897.24,7.4217e+01,1351.3,0.375
15-10-2021 17:39:21,14.3225,199.9802,2897.24,7.4504e+01,1356.4,0.377
15-10-2021 17:39:27,14.3225,199.9965,2897.24,7.4795e+01,1361.6,0.378
15-10-2021 17:39:32,14.3236,199.9802,2897.24,7.5076e+01,1366.7,0.380
15-10-2021 17:39:37,14.3236,199.9638,2897.24,7.5367e+01,1371.9,0.381
15-10-2021 17:39:42,14.3248,199.9965,2897.86,7.5648e+01,1377.0,0.383
15-10-2021 17:39:47,14.3248,199.9638,2897.86,7.5940e+01,1382.2,0.384
15-10-2021 17:39:52,14.3260,199.9965,2897.86,7.6220e+01,1387.3,0.385
15-10-2021 17:39:58,14.3260,199.9802,2897.86,7.6512e+01,1392.5,0.387
15-10-2021 17:40:03,14.3271,199.9965,2898.49,7.6792e+01,1397.6,0.388
15-10-2021 17:40:08,14.3283,199.9802,2898.49,7.7079e+01,1402.7,0.390
15-10-2021 17:40:13,14.3283,199.9965,2898.49,7.7359e+01,1407.9,0.391
15-10-2021 17:40:18,14.3295,199.9802,2898.49,7.7645e+01,1413.0,0.393
15-10-2021 17:40:23,14.3295,199.9965,2898.49,7.7931e+01,1418.2,0.394
15-10-2021 17:40:28,14.3306,200.0129,2898.49,7.8212e+01,1423.3,0.395
15-10-2021 17:40:33,14.3306,199.9802,2898.49,7.8504e+01,1428.4,0.397
15-10-2021 17:40:39,14.3306,199.9802,2899.11,7.8784e+01,1433.5,0.398
15-10-2021 17:40:44,14.3318,199.9965,2899.11,7.9071e+01,1438.6,0.400
15-10-2021 17:40:49,14.3330,199.9802,2899.11,7.9357e+01,1443.8,0.401
15-10-2021 17:40:54,14.3330,199.9802,2899.74,7.9644e+01,1449.0,0.403
15-10-2021 17:40:59,14.3341,199.9802,2899.74,7.9929e+01,1454.1,0.404
15-10-2021 17:41:04,14.3341,199.9802,2899.74,8.0222e+01,1459.3,0.405
15-10-2021 17:41:10,14.3353,199.9638,2899.74,8.0502e+01,1464.4,0.407
15-10-2021 17:41:15,14.3353,199.9802,2899.74,8.0795e+01,1469.6,0.408
15-10-2021 17:41:20,14.3365,199.9802,2899.74,8.1075e+01,1474.8,0.410
15-10-2021 17:41:25,14.3365,200.0129,2900.36,8.1361e+01,1479.9,0.411
15-10-2021 17:41:30,14.3376,199.9802,2899.74,8.1648e+01,1485.0,0.413
15-10-2021 17:41:35,14.3376,199.9965,2900.36,8.1934e+01,1490.2,0.414
15-10-2021 17:41:40,14.3388,199.9802,2900.36,8.2227e+01,1495.4,0.415
15-10-2021 17:41:46,14.3400,199.9965,2900.36,8.2507e+01,1500.6,0.417
15-10-2021 17:41:51,14.3400,199.9802,2900.36,8.2800e+01,1505.7,0.418
15-10-2021 17:41:56,14.3411,199.9802,2900.99,8.3086e+01,1510.9,0.420
15-10-2021 17:42:01,14.3411,199.9802,2900.99,8.3366e+01,1516.0,0.421
15-10-2021 17:42:06,14.3423,199.9965,2900.99,8.3654e+01,1521.1,0.423
15-10-2021 17:42:11,14.3423,199.9965,2900.99,8.3940e+01,1526.3,0.424
15-10-2021 17:42:17,14.3435,199.9965,2900.99,8.4227e+01,1531.5,0.425
15-10-2021 17:42:22,14.3446,200.0129,2901.61,8.4513e+01,1536.6,0.427
15-10-2021 17:42:27,14.3446,199.9802,2901.61,8.4794e+01,1541.7,0.428
15-10-2021 17:42:32,14.3446,199.9965,2901.61,8.5087e+01,1546.9,0.430
15-10-2021 17:42:37,14.3458,199.9638,2901.61,8.5367e+01,1552.0,0.431
15-10-2021 17:42:42,14.3470,199.9965,2902.24,8.5655e+01,1557.2,0.433
15-10-2021 17:42:47,14.3481,199.9802,2902.24,8.5941e+01,1562.3,0.434
15-10-2021 17:42:52,14.3481,199.9638,2902.24,8.6221e+01,1567.4,0.435
15-10-2021 17:42:58,14.3481,199.9965,2902.24,8.6509e+01,1572.6,0.437
15-10-2021 17:43:03,14.3493,199.9965,2902.86,8.6795e+01,1577.7,0.438
15-10-2021 17:43:08,14.3493,199.9802,2902.24,8.7083e+01,1582.8,0.440
15-10-2021 17:43:13,14.3505,199.9802,2902.86,8.7369e+01,1588.0,0.441
15-10-2021 17:43:18,14.3516,199.9965,2902.86,8.7650e+01,1593.1,0.443
15-10-2021 17:43:23,14.3516,199.9802,2902.86,8.7938e+01,1598.3,0.444
15-10-2021 17:43:28,14.3528,199.9802,2903.49,8.8224e+01,1603.4,0.445
15-10-2021 17:43:34,14.3540,199.9965,2903.49,8.8504e+01,1608.5,0.447
15-10-2021 17:43:39,14.3540,199.9965,2903.49,8.8792e+01,1613.7,0.448
15-10-2021 17:43:44,14.3551,199.9965,2903.49,8.9078e+01,1618.8,0.450
15-10-2021 17:43:49,14.3551,199.9802,2903.49,8.9366e+01,1623.9,0.451
15-10-2021 17:43:54,14.3563,199.9965,2903.49,8.9647e+01,1629.1,0.453
15-10-2021 17:43:59,14.3563,199.9802,2904.12,8.9933e+01,1634.2,0.454
15-10-2021 17:44:04,14.3575,199.9965,2904.12,9.0221e+01,1639.3,0.455
15-10-2021 17:44:10,14.3586,199.9802,2904.12,9.0502e+01,1644.4,0.457
15-10-2021 17:44:15,14.3586,199.9802,2904.74,9.0783e+01,1649.5,0.458
15-10-2021 17:44:20,14.3598,199.9802,2904.74,9.1071e+01,1654.6,0.460
15-10-2021 17:44:25,14.3610,199.9965,2904.74,9.1357e+01,1659.8,0.461
15-10-2021 17:44:30,14.3610,199.9802,2905.37,9.1638e+01,1664.9,0.462
15-10-2021 17:44:35,14.3621,199.9802,2904.74,9.1926e+01,1670.0,0.464
15-10-2021 17:44:40,14.3621,199.9802,2905.37,9.2207e+01,1675.2,0.465
15-10-2021 17:44:45,14.3633,199.9802,2905.37,9.2493e+01,1680.3,0.467
15-10-2021 17:44:51,14.3633,199.9802,2905.37,9.2781e+01,1685.4,0.468
15-10-2021 17:44:56,14.3645,199.9965,2905.37,9.3068e+01,1690.6,0.470
15-10-2021 17:45:01,14.3656,199.9965,2905.99,9.3349e+01,1695.8,0.471
15-10-2021 17:45:06,14.3656,199.9965,2905.99,9.3642e+01,1700.9,0.472
15-10-2021 17:45:11,14.3668,199.9802,2905.99,9.3923e+01,1706.0,0.474
15-10-2021 17:45:16,14.3680,199.9802,2905.99,9.4204e+01,1711.1,0.475
15-10-2021 17:45:21,14.3680,199.9965,2905.99,9.4498e+01,1716.3,0.477
15-10-2021 17:45:26,14.3691,199.9802,2905.99,9.4779e+01,1721.4,0.478
15-10-2021 17:45:32,14.3691,199.9802,2907.24,9.5060e+01,1726.6,0.480
15-10-2021 17:45:37,14.3703,199.9802,2906.62,9.5354e+01,1731.7,0.481
15-10-2021 17:45:42,14.3715,199.9965,2906.62,9.5635e+01,1736.8,0.482
15-10-2021 17:45:47,14.3715,200.0129,2907.24,9.5921e+01,1742.0,0.484
15-10-2021 17:45:52,14.3726,199.9802,2907.24,9.6210e+01,1747.1,0.485
15-10-2021 17:45:57,14.3738,199.9965,2907.24,9.6496e+01,1752.3,0.487
15-10-2021 17:46:03,14.3738,199.9802,2907.24,9.6783e+01,1757.5,0.488
15-10-2021 17:46:08,14.3750,199.9802,2907.87,9.7071e+01,1762.6,0.490
15-10-2021 17:46:13,14.3761,199.9638,2907.87,9.7352e+01,1767.8,0.491
15-10-2021 17:46:18,14.3761,199.9802,2907.87,9.7639e+01,1772.9,0.492
15-10-2021 17:46:23,14.3761,199.9965,2907.87,9.7925e+01,1778.1,0.494
15-10-2021 17:46:28,14.3773,199.9965,2908.49,9.8214e+01,1783.2,0.495
15-10-2021 17:46:33,14.3785,199.9965,2908.49,9.8500e+01,1788.4,0.497
15-10-2021 17:46:39,14.3796,199.9965,2908.49,9.8781e+01,1793.6,0.498
15-10-2021 17:46:44,14.3808,199.9802,2908.49,9.9076e+01,1798.7,0.500
15-10-2021 17:46:49,14.3808,199.9965,2908.49,9.9357e+01,1803.8,0.501
15-10-2021 17:46:54,14.3808,199.9965,2909.12,9.9638e+01,1809.0,0.502
15-10-2021 17:46:59,14.3820,199.9965,2909.12,9.9932e+01,1814.1,0.504
15-10-2021 17:47:04,14.3831,199.9965,2909.12,1.0021e+02,1819.3,0.505
15-10-2021 17:47:09,14.3843,199.9802,2909.12,1.0050e+02,1824.4,0.507
15-10-2021 17:47:15,14.3843,199.9965,2909.74,1.0078e+02,1829.6,0.508
15-10-2021 17:47:20,14.3855,200.0129,2909.74,1.0108e+02,1834.7,0.510
15-10-2021 17:47:25,14.3855,199.9965,2909.74,1.0136e+02,1839.8,0.511
15-10-2021 17:47:30,14.3866,199.9965,2910.37,1.0164e+02,1845.0,0.512
15-10-2021 17:47:35,14.3878,199.9965,2909.74,1.0193e+02,1850.1,0.514
15-10-2021 17:47:40,14.3878,199.9965,2910.37,1.0221e+02,1855.2,0.515
15-10-2021 17:47:45,14.3890,199.9802,2910.37,1.0249e+02,1860.3,0.517
15-10-2021 17:47:51,14.3890,199.9802,2910.37,1.0278e+02,1865.4,0.518
15-10-2021 17:47:56,14.3901,199.9802,2911.00,1.0307e+02,1870.6,0.520
15-10-2021 17:48:01,14.3913,199.9965,2911.00,1.0335e+02,1875.7,0.521
15-10-2021 17:48:06,14.3925,200.0129,2911.00,1.0363e+02,1880.9,0.522
15-10-2021 17:48:11,14.3925,199.9802,2911.00,1.0392e+02,1886.0,0.524
15-10-2021 17:48:16,14.3936,199.9802,2911.00,1.0421e+02,1891.2,0.525
15-10-2021 17:48:21,14.3948,199.9802,2911.62,1.0449e+02,1896.3,0.527
15-10-2021 17:48:27,14.3948,199.9802,2911.62,1.0478e+02,1901.5,0.528
15-10-2021 17:48:32,14.3960,199.9638,2911.62,1.0507e+02,1906.6,0.530
15-10-2021 17:48:37,14.3971,199.9802,2912.25,1.0535e+02,1911.7,0.531
15-10-2021 17:48:42,14.3983,199.9802,2912.25,1.0563e+02,1916.8,0.532
15-10-2021 17:48:47,14.3983,199.9638,2912.25,1.0591e+02,1921.9,0.534
15-10-2021 17:48:52,14.3983,199.9638,2912.25,1.0620e+02,1927.1,0.535
15-10-2021 17:48:57,14.3995,199.9965,2912.25,1.0649e+02,1932.2,0.537
15-10-2021 17:49:02,14.4006,199.9965,2912.25,1.0677e+02,1937.4,0.538
15-10-2021 17:49:08,14.4018,199.9965,2912.87,1.0706e+02,1942.5,0.540
15-10-2021 17:49:13,14.4030,199.9965,2912.87,1.0735e+02,1947.7,0.541
15-10-2021 17:49:18,14.4030,199.9965,2912.87,1.0764e+02,1952.8,0.542
15-10-2021 17:49:23,14.4041,199.9965,2913.50,1.0792e+02,1957.9,0.544
15-10-2021 17:49:28,14.3983,199.0803,2897.86,1.0820e+02,1963.1,0.545
15-10-2021 17:49:33,14.3983,198.9821,2897.24,1.0848e+02,1968.2,0.547
15-10-2021 17:49:38,14.3983,198.9331,2897.24,1.0876e+02,1973.4,0.548
15-10-2021 17:49:44,14.3983,198.8185,2893.48,1.0906e+02,1978.5,0.550
15-10-2021 17:49:49,14.3995,198.6059,2893.48,1.0935e+02,1983.7,0.551
15-10-2021 17:49:54,14.3995,198.5240,2890.35,1.0963e+02,1988.8,0.552
15-10-2021 17:49:59,14.3995,198.4095,2889.10,1.0991e+02,1994.0,0.554
15-10-2021 17:50:04,14.3983,198.4259,2887.23,1.1020e+02,1999.1,0.555
15-10-2021 17:50:09,14.3983,198.3604,2885.98,1.1048e+02,2004.3,0.557
15-10-2021 17:50:14,14.3983,198.1805,2885.35,1.1076e+02,2009.4,0.558
15-10-2021 17:50:20,14.3995,197.9350,2883.47,1.1104e+02,2014.5,0.560
15-10-2021 17:50:25,14.3983,197.9514,2882.22,1.1132e+02,2019.7,0.561
15-10-2021 17:50:30,14.3983,197.7878,2880.35,1.1160e+02,2024.8,0.562
15-10-2021 17:50:35,14.3983,197.6896,2879.10,1.1188e+02,2030.0,0.564
15-10-2021 17:50:40,14.3983,197.6078,2877.85,1.1217e+02,2035.1,0.565
15-10-2021 17:50:45,14.3983,197.4442,2875.34,1.1245e+02,2040.2,0.567
15-10-2021 17:50:50,14.3995,197.3624,2872.84,1.1274e+02,2045.4,0.568
15-10-2021 17:50:56,14.3983,197.1497,2873.47,1.1302e+02,2050.5,0.570
15-10-2021 17:51:01,14.3995,197.1170,2869.71,1.1329e+02,2055.6,0.571
15-10-2021 17:51:06,14.3983,196.9534,2868.46,1.1358e+02,2060.8,0.572
15-10-2021 17:51:11,14.3995,196.7571,2867.84,1.1386e+02,2065.9,0.574
15-10-2021 17:51:16,14.3983,196.8716,2864.08,1.1415e+02,2071.1,0.575
15-10-2021 17:51:21,14.3995,196.7080,2862.83,1.1442e+02,2076.2,0.577
15-10-2021 17:51:26,14.3983,196.4953,2862.83,1.1470e+02,2081.3,0.578
15-10-2021 17:51:32,14.3995,196.4953,2860.33,1.1498e+02,2086.4,0.580
15-10-2021 17:51:37,14.3983,196.3971,2857.83,1.1527e+02,2091.6,0.581
15-10-2021 17:51:42,14.3995,196.1517,2857.20,1.1554e+02,2096.7,0.582
15-10-2021 17:51:47,14.3983,196.0372,2855.33,1.1582e+02,2101.9,0.584
15-10-2021 17:51:52,14.3983,195.9554,2852.83,1.1611e+02,2107.0,0.585
15-10-2021 17:51:57,14.3995,195.8572,2852.83,1.1638e+02,2112.2,0.587
15-10-2021 17:52:02,14.3983,195.6936,2849.70,1.1666e+02,2117.3,0.588
15-10-2021 17:52:08,14.3995,195.6772,2850.32,1.1694e+02,2122.5,0.590
15-10-2021 17:52:13,14.3995,195.5464,2847.82,1.1722e+02,2127.6,0.591
15-10-2021 17:52:18,14.3995,195.3337,2846.57,1.1750e+02,2132.7,0.592
15-10-2021 17:52:23,14.3995,195.1537,2842.82,1.1777e+02,2137.9,0.594
15-10-2021 17:52:28,14.3983,195.2519,2842.19,1.1806e+02,2143.0,0.595
15-10-2021 17:52:33,14.3995,195.0228,2840.94,1.1833e+02,2148.1,0.597
15-10-2021 17:52:38,14.3995,194.9246,2839.07,1.1861e+02,2153.2,0.598
15-10-2021 17:52:43,14.3995,194.8265,2837.81,1.1888e+02,2158.3,0.600
15-10-2021 17:52:49,14.3995,194.7283,2835.94,1.1917e+02,2163.5,0.601
15-10-2021 17:52:54,14.3983,194.5974,2833.44,1.1944e+02,2168.6,0.602
15-10-2021 17:52:59,14.3995,194.4338,2831.56,1.1973e+02,2173.8,0.604
15-10-2021 17:53:04,14.3995,194.3520,2831.56,1.2000e+02,2178.9,0.605
15-10-2021 17:53:09,14.3995,194.2048,2828.43,1.2028e+02,2184.1,0.607
15-10-2021 17:53:14,14.3983,194.1229,2827.81,1.2056e+02,2189.2,0.608
15-10-2021 17:53:19,14.3995,194.0902,2825.30,1.2083e+02,2194.3,0.610
15-10-2021 17:53:25,14.3995,193.9103,2825.30,1.2111e+02,2199.5,0.611
15-10-2021 17:53:30,14.3995,193.7303,2821.55,1.2138e+02,2204.6,0.612
15-10-2021 17:53:35,14.3995,193.6976,2820.30,1.2166e+02,2209.7,0.614
15-10-2021 17:53:40,14.3983,193.4685,2819.05,1.2194e+02,2214.9,0.615
15-10-2021 17:53:45,14.3983,193.4194,2818.42,1.2221e+02,2220.0,0.617
15-10-2021 17:53:50,14.3983,193.2558,2816.55,1.2250e+02,2225.2,0.618
15-10-2021 17:53:55,14.3995,193.2067,2814.05,1.2277e+02,2230.3,0.620
15-10-2021 17:54:01,14.3995,193.1086,2811.54,1.2304e+02,2235.5,0.621
15-10-2021 17:54:06,14.3995,192.8795,2810.29,1.2331e+02,2240.7,0.622
15-10-2021 17:54:11,14.3995,192.8631,2805.91,1.2360e+02,2245.8,0.624
15-10-2021 17:54:16,14.3995,192.6668,2806.54,1.2387e+02,2250.8,0.625
15-10-2021 17:54:21,14.3995,192.6505,2804.66,1.2414e+02,2256.0,0.627
15-10-2021 17:54:26,14.3995,192.4214,2804.04,1.2441e+02,2261.1,0.628
15-10-2021 17:54:31,14.3995,192.3887,2801.54,1.2469e+02,2266.2,0.629
15-10-2021 17:54:36,14.3995,192.2905,2800.91,1.2497e+02,2271.4,0.631
15-10-2021 17:54:42,14.3983,192.1269,2799.66,1.2524e+02,2276.6,0.632
15-10-2021 17:54:47,14.3995,191.9633,2795.91,1.2551e+02,2281.7,0.634
15-10-2021 17:54:52,14.3995,191.8979,2795.28,1.2578e+02,2286.8,0.635
15-10-2021 17:54:57,14.3983,191.8161,2793.41,1.2607e+02,2292.0,0.637
15-10-2021 17:55:02,14.3983,191.7015,2792.15,1.2634e+02,2297.0,0.638
15-10-2021 17:55:07,14.3995,191.5215,2790.28,1.2661e+02,2302.2,0.639
15-10-2021 17:55:12,14.3995,191.4397,2787.78,1.2688e+02,2307.4,0.641
15-10-2021 17:55:18,14.3995,191.3743,2786.52,1.2716e+02,2312.5,0.642
15-10-2021 17:55:23,14.3995,191.1125,2784.02,1.2743e+02,2317.7,0.644
15-10-2021 17:55:28,14.3995,191.0471,2780.90,1.2770e+02,2322.8,0.645
15-10-2021 17:55:33,14.3983,190.9980,2780.90,1.2797e+02,2328.0,0.647
15-10-2021 17:55:38,14.3983,190.8508,2780.27,1.2825e+02,2333.1,0.648
15-10-2021 17:55:43,14.3983,190.8017,2776.52,1.2852e+02,2338.3,0.650
15-10-2021 17:55:48,14.3983,190.6544,2777.14,1.2879e+02,2343.4,0.651
15-10-2021 17:55:54,14.3995,190.4744,2774.02,1.2906e+02,2348.5,0.652
15-10-2021 17:55:59,14.3995,190.3599,2772.14,1.2934e+02,2353.7,0.654
15-10-2021 17:56:04,14.3995,190.2127,2770.89,1.2961e+02,2358.9,0.655
15-10-2021 17:56:09,14.3995,190.0327,2770.26,1.2988e+02,2364.0,0.657
15-10-2021 17:56:14,14.3995,190.0163,2768.39,1.3015e+02,2369.1,0.658
15-10-2021 17:56:19,14.3983,189.9836,2765.26,1.3042e+02,2374.3,0.660
15-10-2021 17:56:24,14.3995,189.6891,2765.26,1.3069e+02,2379.4,0.661
15-10-2021 17:56:30,14.3983,189.7218,2761.51,1.3096e+02,2384.6,0.662
15-10-2021 17:56:35,14.3983,189.5582,2760.88,1.3124e+02,2389.7,0.664
15-10-2021 17:56:40,14.3983,189.3946,2759.00,1.3151e+02,2394.9,0.665
15-10-2021 17:56:45,14.3983,189.3619,2757.75,1.3178e+02,2400.0,0.667
15-10-2021 17:56:50,14.3995,189.1656,2755.25,1.3205e+02,2405.2,0.668
15-10-2021 17:56:55,14.3995,189.1001,2753.37,1.3233e+02,2410.3,0.670
15-10-2021 17:57:01,14.3983,188.9365,2751.50,1.3259e+02,2415.5,0.671
15-10-2021 17:57:06,14.3995,188.7729,2749.62,1.3287e+02,2420.6,0.672
15-10-2021 17:57:11,14.3995,188.7075,2747.12,1.3313e+02,2425.7,0.674
15-10-2021 17:57:16,14.3995,188.4948,2746.49,1.3340e+02,2430.8,0.675
15-10-2021 17:57:21,14.3983,188.4621,2743.37,1.3367e+02,2436.0,0.677
15-10-2021 17:57:26,14.3995,188.2657,2743.37,1.3394e+02,2441.2,0.678
15-10-2021 17:57:31,14.3983,188.2166,2742.12,1.3421e+02,2446.3,0.680
15-10-2021 17:57:37,14.3995,188.1675,2738.36,1.3448e+02,2451.4,0.681
15-10-2021 17:57:42,14.3995,187.9385,2738.36,1.3474e+02,2456.5,0.682
15-10-2021 17:57:47,14.3995,187.7749,2735.24,1.3501e+02,2461.7,0.684
15-10-2021 17:57:52,14.3983,187.7258,2732.73,1.3528e+02,2466.8,0.685
15-10-2021 17:57:57,14.3983,187.6440,2730.86,1.3556e+02,2472.0,0.687
15-10-2021 17:58:02,14.3995,187.5458,2729.61,1.3581e+02,2477.2,0.688
15-10-2021 17:58:07,14.3995,187.3986,2728.98,1.3609e+02,2482.3,0.690
15-10-2021 17:58:13,14.3983,187.2350,2727.73,1.3636e+02,2487.4,0.691
15-10-2021 17:58:18,14.3995,187.1532,2723.35,1.3662e+02,2492.6,0.692
15-10-2021 17:58:23,14.3983,187.0059,2723.35,1.3689e+02,2497.7,0.694
15-10-2021 17:58:28,14.3983,186.8750,2721.47,1.3715e+02,2502.8,0.695
15-10-2021 17:58:33,14.3995,186.7932,2718.35,1.3742e+02,2507.9,0.697
15-10-2021 17:58:38,14.3983,186.6787,2718.97,1.3768e+02,2513.0,0.698
15-10-2021 17:58:43,14.3983,186.5151,2717.10,1.3795e+02,2518.2,0.699
15-10-2021 17:58:48,14.3983,186.4660,2715.85,1.3822e+02,2523.3,0.701
15-10-2021 17:58:54,14.3983,186.2370,2713.97,1.3848e+02,2528.5,0.702
15-10-2021 17:58:59,14.3995,186.0897,2710.84,1.3875e+02,2533.6,0.704
15-10-2021 17:59:04,14.3995,185.9425,2708.96,1.3902e+02,2538.8,0.705
15-10-2021 17:59:09,14.3995,185.9261,2707.71,1.3928e+02,2543.9,0.707
15-10-2021 17:59:14,14.3995,185.7952,2704.59,1.3955e+02,2549.1,0.708
15-10-2021 17:59:19,14.3983,185.7298,2703.96,1.3981e+02,2554.2,0.710
15-10-2021 17:59:24,14.3983,185.6316,2702.08,1.4008e+02,2559.4,0.711
15-10-2021 17:59:30,14.3983,185.4516,2700.21,1.4035e+02,2564.5,0.712
15-10-2021 17:59:35,14.3995,185.2553,2697.71,1.4060e+02,2569.6,0.714
15-10-2021 17:59:40,14.3995,185.0753,2696.46,1.4087e+02,2574.8,0.715
15-10-2021 17:59:45,14.3983,184.9935,2695.20,1.4113e+02,2579.9,0.717
15-10-2021 17:59:50,14.3995,184.8790,2693.33,1.4140e+02,2585.1,0.718
15-10-2021 17:59:55,14.3983,184.8299,2691.45,1.4166e+02,2590.2,0.720
15-10-2021 18:00:00,14.3995,184.6009,2690.20,1.4193e+02,2595.3,0.721
15-10-2021 18:00:06,14.3983,184.5845,2686.45,1.4219e+02,2600.5,0.722
15-10-2021 18:00:11,14.3995,184.3718,2684.57,1.4246e+02,2605.6,0.724
15-10-2021 18:00:16,14.3983,184.1755,2683.95,1.4271e+02,2610.7,0.725
15-10-2021 18:00:21,14.3995,184.1427,2682.07,1.4298e+02,2615.8,0.727
15-10-2021 18:00:26,14.3995,184.0119,2680.82,1.4324e+02,2621.0,0.728
15-10-2021 18:00:31,14.3983,183.8810,2678.94,1.4350e+02,2626.1,0.729
15-10-2021 18:00:36,14.3983,183.7501,2677.07,1.4376e+02,2631.3,0.731
15-10-2021 18:00:41,14.3995,183.5865,2675.19,1.4403e+02,2636.4,0.732
15-10-2021 18:00:47,14.3995,183.5210,2672.69,1.4428e+02,2641.5,0.734
15-10-2021 18:00:52,14.3995,183.3738,2670.19,1.4455e+02,2646.6,0.735
15-10-2021 18:00:57,14.3983,183.2756,2669.56,1.4481e+02,2651.7,0.737
15-10-2021 18:01:02,14.3983,183.1775,2667.68,1.4507e+02,2656.9,0.738
15-10-2021 18:01:07,14.3995,182.9811,2666.43,1.4534e+02,2662.1,0.739
15-10-2021 18:01:12,14.3983,182.9648,2665.18,1.4559e+02,2667.2,0.741
15-10-2021 18:01:17,14.3983,182.8339,2662.05,1.4586e+02,2672.4,0.742
15-10-2021 18:01:23,14.3995,182.6703,2658.93,1.4612e+02,2677.5,0.744
15-10-2021 18:01:28,14.3983,182.5557,2656.42,1.4638e+02,2682.7,0.745
15-10-2021 18:01:33,14.3983,182.4412,2655.80,1.4664e+02,2687.8,0.747
15-10-2021 18:01:38,14.3983,182.2776,2653.92,1.4690e+02,2693.0,0.748
15-10-2021 18:01:43,14.3995,182.0813,2653.30,1.4716e+02,2698.1,0.749
15-10-2021 18:01:48,14.3983,182.1140,2650.80,1.4742e+02,2703.3,0.751
15-10-2021 18:01:54,14.3983,181.9340,2648.92,1.4768e+02,2708.4,0.752
15-10-2021 18:01:59,14.3995,181.7868,2647.67,1.4794e+02,2713.6,0.754
15-10-2021 18:02:04,14.3983,181.7213,2645.79,1.4821e+02,2718.7,0.755
15-10-2021 18:02:09,14.3995,181.4432,2642.04,1.4846e+02,2723.9,0.757
15-10-2021 18:02:14,14.3995,181.3614,2642.04,1.4872e+02,2729.0,0.758
15-10-2021 18:02:19,14.3983,181.2796,2641.41,1.4898e+02,2734.1,0.759
15-10-2021 18:02:24,14.3983,181.1978,2637.66,1.4924e+02,2739.3,0.761
15-10-2021 18:02:29,14.3995,181.0669,2636.41,1.4950e+02,2744.4,0.762
15-10-2021 18:02:35,14.3995,180.8869,2635.16,1.4976e+02,2749.5,0.764
15-10-2021 18:02:40,14.3983,180.7397,2630.78,1.5002e+02,2754.7,0.765
15-10-2021 18:02:45,14.3995,180.5597,2630.15,1.5027e+02,2759.8,0.767
15-10-2021 18:02:50,14.3983,180.4288,2627.65,1.5053e+02,2765.0,0.768
15-10-2021 18:02:55,14.3983,180.4452,2627.65,1.5078e+02,2770.2,0.769
15-10-2021 18:03:00,14.3995,180.2488,2625.78,1.5105e+02,2775.3,0.771
15-10-2021 18:03:06,14.3995,180.1016,2623.27,1.5130e+02,2780.4,0.772
15-10-2021 18:03:11,14.3983,180.0361,2619.52,1.5156e+02,2785.6,0.774
15-10-2021 18:03:16,14.3995,179.8235,2617.64,1.5181e+02,2790.7,0.775
15-10-2021 18:03:21,14.3995,179.6926,2617.64,1.5207e+02,2795.9,0.777
15-10-2021 18:03:26,14.3995,179.5290,2615.14,1.5234e+02,2801.1,0.778
15-10-2021 18:03:31,14.3983,179.3981,2613.27,1.5259e+02,2806.2,0.780
15-10-2021 18:03:36,14.3995,179.3490,2611.39,1.5285e+02,2811.3,0.781
15-10-2021 18:03:42,14.3995,179.1854,2610.14,1.5310e+02,2816.5,0.782
15-10-2021 18:03:47,14.3983,179.1036,2608.89,1.5335e+02,2821.6,0.784
15-10-2021 18:03:52,14.3983,178.9072,2605.76,1.5361e+02,2826.7,0.785
15-10-2021 18:03:57,14.3995,178.7764,2604.51,1.5388e+02,2831.9,0.787
15-10-2021 18:04:02,14.3983,178.7436,2603.26,1.5413e+02,2837.0,0.788
15-10-2021 18:04:07,14.3983,178.5636,2600.76,1.5438e+02,2842.2,0.789
15-10-2021 18:04:12,14.3983,178.5146,2598.25,1.5463e+02,2847.3,0.791
15-10-2021 18:04:18,14.3983,178.3837,2597.00,1.5489e+02,2852.4,0.792
15-10-2021 18:04:23,14.3995,178.1383,2593.88,1.5514e+02,2857.5,0.794
15-10-2021 18:04:28,14.3995,178.0728,2592.00,1.5539e+02,2862.7,0.795
15-10-2021 18:04:33,14.3995,177.9419,2589.50,1.5564e+02,2867.8,0.797
15-10-2021 18:04:38,14.3983,177.7947,2589.50,1.5591e+02,2873.0,0.798
15-10-2021 18:04:43,14.3983,177.6474,2587.62,1.5616e+02,2878.0,0.799
15-10-2021 18:04:48,14.3983,177.5002,2586.37,1.5641e+02,2883.1,0.801
15-10-2021 18:04:53,14.3995,177.4511,2583.87,1.5666e+02,2888.3,0.802
15-10-2021 18:04:58,14.3983,177.3693,2582.62,1.5691e+02,2893.4,0.804
15-10-2021 18:05:04,14.3983,177.2221,2581.37,1.5717e+02,2898.5,0.805
15-10-2021 18:05:09,14.3995,176.9603,2578.86,1.5742e+02,2903.6,0.807
15-10-2021 18:05:14,14.3995,176.8948,2575.74,1.5767e+02,2908.7,0.808
15-10-2021 18:05:19,14.3995,176.7476,2572.61,1.5792e+02,2913.9,0.809
15-10-2021 18:05:24,14.3983,176.6003,2571.98,1.5817e+02,2919.0,0.811
15-10-2021 18:05:29,14.3983,176.4858,2570.73,1.5843e+02,2924.2,0.812
15-10-2021 18:05:34,14.3983,176.4367,2570.11,1.5868e+02,2929.3,0.814
15-10-2021 18:05:40,14.3983,176.2240,2566.98,1.5893e+02,2934.4,0.815
15-10-2021 18:05:45,14.3983,176.1422,2563.85,1.5918e+02,2939.6,0.817
15-10-2021 18:05:50,14.3983,175.8805,2560.73,1.5943e+02,2944.7,0.818
15-10-2021 18:05:55,14.3995,175.7659,2561.35,1.5968e+02,2949.9,0.819
15-10-2021 18:06:00,14.3983,175.7496,2558.22,1.5993e+02,2955.0,0.821
15-10-2021 18:06:05,14.3995,175.5205,2558.22,1.6019e+02,2960.2,0.822
15-10-2021 18:06:10,14.3995,175.4878,2555.10,1.6044e+02,2965.3,0.824
15-10-2021 18:06:16,14.3995,175.2915,2553.85,1.6069e+02,2970.4,0.825
15-10-2021 18:06:21,14.3995,175.1769,2550.72,1.6094e+02,2975.6,0.827
15-10-2021 18:06:26,14.3995,175.0461,2548.22,1.6119e+02,2980.7,0.828
15-10-2021 18:06:31,14.3995,174.8334,2546.34,1.6144e+02,2985.9,0.829
15-10-2021 18:06:36,14.3995,174.7679,2545.71,1.6168e+02,2991.0,0.831
15-10-2021 18:06:41,14.3983,174.7025,2543.84,1.6193e+02,2996.2,0.832
15-10-2021 18:06:46,14.3983,174.5716,2541.34,1.6218e+02,3001.3,0.834
15-10-2021 18:06:52,14.3995,174.3425,2538.21,1.6243e+02,3006.4,0.835
15-10-2021 18:06:57,14.3995,174.2280,2536.96,1.6268e+02,3011.6,0.837
15-10-2021 18:07:02,14.3995,174.0480,2535.08,1.6293e+02,3016.8,0.838
15-10-2021 18:07:07,14.3983,173.8517,2531.95,1.6318e+02,3021.9,0.839
15-10-2021 18:07:12,14.3995,173.7699,2530.70,1.6343e+02,3027.1,0.841
15-10-2021 18:07:17,14.3995,173.6717,2528.83,1.6368e+02,3032.2,0.842
15-10-2021 18:07:22,14.3995,173.5408,2527.57,1.6392e+02,3037.4,0.844
15-10-2021 18:07:28,14.3995,173.3936,2525.07,1.6417e+02,3042.5,0.845
15-10-2021 18:07:33,14.3983,173.2954,2523.82,1.6442e+02,3047.6,0.847
15-10-2021 18:07:38,14.3995,173.0173,2521.32,1.6467e+02,3052.8,0.848
15-10-2021 18:07:43,14.3983,173.0173,2518.82,1.6492e+02,3057.9,0.849
15-10-2021 18:07:48,14.3995,172.8537,2517.57,1.6517e+02,3063.0,0.851
15-10-2021 18:07:53,14.3983,172.8537,2515.69,1.6540e+02,3068.1,0.852
15-10-2021 18:07:58,14.3983,172.7064,2514.44,1.6565e+02,3073.2,0.854
15-10-2021 18:08:03,14.3983,172.5755,2511.94,1.6589e+02,3078.3,0.855
15-10-2021 18:08:09,14.3983,172.3956,2509.44,1.6615e+02,3083.5,0.857
15-10-2021 18:08:14,14.3995,172.2320,2507.56,1.6639e+02,3088.6,0.858
15-10-2021 18:08:19,14.3983,172.0520,2505.68,1.6662e+02,3093.8,0.859
15-10-2021 18:08:24,14.3983,171.8884,2505.06,1.6688e+02,3098.9,0.861
15-10-2021 18:08:29,14.3983,171.8066,2501.93,1.6712e+02,3104.0,0.862
15-10-2021 18:08:34,14.3995,171.6266,2500.68,1.6737e+02,3109.2,0.864
15-10-2021 18:08:39,14.3995,171.5612,2499.43,1.6762e+02,3114.4,0.865
15-10-2021 18:08:45,14.3995,171.5121,2495.68,1.6785e+02,3119.5,0.867
15-10-2021 18:08:50,14.3995,171.2339,2493.80,1.6810e+02,3124.6,0.868
15-10-2021 18:08:55,14.3995,171.1194,2492.55,1.6835e+02,3129.8,0.869
15-10-2021 18:09:00,14.3983,170.9885,2490.05,1.6860e+02,3134.9,0.871
15-10-2021 18:09:05,14.3983,170.8740,2488.17,1.6883e+02,3140.0,0.872
15-10-2021 18:09:10,14.3983,170.8249,2486.29,1.6908e+02,3145.2,0.874
15-10-2021 18:09:15,14.3995,170.5141,2485.67,1.6933e+02,3150.3,0.875
15-10-2021 18:09:21,14.3995,170.3832,2482.54,1.6957e+02,3155.5,0.877
15-10-2021 18:09:26,14.3983,170.2359,2480.66,1.6981e+02,3160.6,0.878
15-10-2021 18:09:31,14.3983,170.1541,2478.79,1.7006e+02,3165.7,0.879
15-10-2021 18:09:36,14.3983,169.9905,2476.29,1.7031e+02,3170.9,0.881
15-10-2021 18:09:41,14.3995,169.8269,2475.03,1.7054e+02,3176.0,0.882
15-10-2021 18:09:46,14.3995,169.7124,2472.53,1.7078e+02,3181.2,0.884
15-10-2021 18:09:51,14.3983,169.6142,2470.66,1.7103e+02,3186.3,0.885
15-10-2021 18:09:57,14.3983,169.4506,2469.41,1.7127e+02,3191.5,0.887
15-10-2021 18:10:02,14.3995,169.2706,2466.28,1.7151e+02,3196.6,0.888
15-10-2021 18:10:07,14.3983,169.2215,2463.15,1.7175e+02,3201.8,0.889
15-10-2021 18:10:12,14.3983,169.1234,2461.27,1.7199e+02,3206.9,0.891
15-10-2021 18:10:17,14.3995,168.9107,2459.40,1.7224e+02,3212.1,0.892
15-10-2021 18:10:22,14.3983,168.8289,2458.77,1.7247e+02,3217.2,0.894
15-10-2021 18:10:27,14.3995,168.6816,2455.64,1.7272e+02,3222.3,0.895
15-10-2021 18:10:33,14.3983,168.5180,2455.64,1.7297e+02,3227.5,0.897
15-10-2021 18:10:38,14.3995,168.3871,2451.27,1.7320e+02,3232.6,0.898
15-10-2021 18:10:43,14.3995,168.2399,2450.64,1.7344e+02,3237.8,0.899
15-10-2021 18:10:48,14.3983,168.1417,2448.14,1.7369e+02,3242.9,0.901
15-10-2021 18:10:53,14.3983,167.9945,2446.26,1.7392e+02,3248.0,0.902
15-10-2021 18:10:58,14.3995,167.7981,2445.01,1.7416e+02,3253.1,0.904
15-10-2021 18:11:03,14.3983,167.7163,2441.88,1.7439e+02,3258.3,0.905
15-10-2021 18:11:09,14.3995,167.6182,2440.63,1.7464e+02,3263.4,0.906
15-10-2021 18:11:14,14.3983,167.4546,2437.51,1.7488e+02,3268.6,0.908
15-10-2021 18:11:19,14.3983,167.2419,2436.25,1.7511e+02,3273.7,0.909
15-10-2021 18:11:24,14.3983,167.1110,2433.75,1.7536e+02,3278.8,0.911
15-10-2021 18:11:29,14.3983,166.8983,2431.88,1.7559e+02,3284.0,0.912
15-10-2021 18:11:34,14.3983,166.8983,2430.63,1.7583e+02,3289.1,0.914
15-10-2021 18:11:39,14.3983,166.6529,2428.75,1.7606e+02,3294.2,0.915
15-10-2021 18:11:45,14.3995,166.4893,2426.25,1.7631e+02,3299.4,0.916
15-10-2021 18:11:50,14.3983,166.4075,2422.49,1.7654e+02,3304.5,0.918
15-10-2021 18:11:55,14.3995,166.1784,2419.99,1.7678e+02,3309.6,0.919
15-10-2021 18:12:00,14.3995,165.9984,2418.74,1.7701e+02,3314.8,0.921
15-10-2021 18:12:05,14.3983,165.9330,2418.12,1.7725e+02,3319.9,0.922
15-10-2021 18:12:10,14.3995,165.8185,2416.24,1.7750e+02,3325.1,0.924
15-10-2021 18:12:15,14.3995,165.6058,2414.99,1.7773e+02,3330.2,0.925
15-10-2021 18:12:21,14.3995,165.5403,2411.24,1.7798e+02,3335.4,0.926
15-10-2021 18:12:26,14.3983,165.4422,2409.36,1.7820e+02,3340.6,0.928
15-10-2021 18:12:31,14.3995,165.2131,2404.98,1.7843e+02,3345.7,0.929
15-10-2021 18:12:36,14.3983,165.1149,2403.10,1.7868e+02,3350.9,0.931
15-10-2021 18:12:41,14.3995,164.9023,2402.48,1.7891e+02,3356.0,0.932
15-10-2021 18:12:46,14.3995,164.8532,2401.23,1.7915e+02,3361.2,0.934
15-10-2021 18:12:51,14.3995,164.6405,2398.10,1.7938e+02,3366.3,0.935
15-10-2021 18:12:57,14.3983,164.5587,2396.22,1.7962e+02,3371.4,0.937
15-10-2021 18:13:02,14.3995,164.2642,2393.10,1.7985e+02,3376.6,0.938
15-10-2021 18:13:07,14.3995,164.1987,2390.59,1.8009e+02,3381.8,0.939
15-10-2021 18:13:12,14.3995,164.0678,2389.34,1.8032e+02,3386.9,0.941
15-10-2021 18:13:17,14.3983,163.9533,2388.09,1.8057e+02,3392.1,0.942
15-10-2021 18:13:22,14.3995,163.8388,2385.59,1.8079e+02,3397.2,0.944
15-10-2021 18:13:27,14.3983,163.6261,2383.71,1.8102e+02,3402.3,0.945
15-10-2021 18:13:33,14.3995,163.5116,2381.84,1.8126e+02,3407.5,0.947
15-10-2021 18:13:38,14.3995,163.2498,2378.71,1.8149e+02,3412.6,0.948
15-10-2021 18:13:43,14.3983,163.1844,2376.21,1.8173e+02,3417.7,0.949
15-10-2021 18:13:48,14.3983,163.0698,2373.08,1.8196e+02,3422.9,0.951
15-10-2021 18:13:53,14.3983,162.8080,2373.08,1.8218e+02,3428.0,0.952
15-10-2021 18:13:58,14.3983,162.7753,2370.58,1.8242e+02,3433.2,0.954
15-10-2021 18:14:03,14.3995,162.5299,2368.70,1.8265e+02,3438.3,0.955
15-10-2021 18:14:09,14.3983,162.4317,2364.95,1.8290e+02,3443.5,0.957
15-10-2021 18:14:14,14.3995,162.2845,2363.07,1.8312e+02,3448.6,0.958
15-10-2021 18:14:19,14.3983,162.0882,2360.57,1.8335e+02,3453.7,0.959
15-10-2021 18:14:24,14.3983,161.9573,2357.44,1.8359e+02,3458.8,0.961
15-10-2021 18:14:29,14.3983,161.7609,2355.57,1.8381e+02,3464.0,0.962
15-10-2021 18:14:34,14.3983,161.6628,2353.07,1.8404e+02,3469.1,0.964
15-10-2021 18:14:39,14.3983,161.4992,2352.44,1.8428e+02,3474.3,0.965
15-10-2021 18:14:45,14.3995,161.2210,2350.56,1.8450e+02,3479.4,0.967
15-10-2021 18:14:50,14.3983,161.1720,2347.44,1.8473e+02,3484.6,0.968
15-10-2021 18:14:55,14.3995,160.9756,2343.68,1.8497e+02,3489.7,0.969
15-10-2021 18:15:00,14.3995,160.7629,2341.81,1.8519e+02,3494.9,0.971
15-10-2021 18:15:05,14.3995,160.6484,2340.56,1.8542e+02,3500.0,0.972
15-10-2021 18:15:10,14.3995,160.5666,2338.68,1.8566e+02,3505.1,0.974
15-10-2021 18:15:15,14.3995,160.4521,2334.93,1.8588e+02,3510.2,0.975
15-10-2021 18:15:21,14.3995,160.2066,2334.30,1.8611e+02,3515.4,0.976
15-10-2021 18:15:26,14.3983,160.1248,2330.55,1.8633e+02,3520.5,0.978
15-10-2021 18:15:31,14.3983,159.8958,2329.30,1.8658e+02,3525.7,0.979
15-10-2021 18:15:36,14.3983,159.7322,2326.17,1.8680e+02,3530.8,0.981
15-10-2021 18:15:41,14.3983,159.6177,2324.29,1.8702e+02,3536.0,0.982
15-10-2021 18:15:46,14.3983,159.4377,2321.79,1.8726e+02,3541.1,0.984
15-10-2021 18:15:51,14.3983,159.3068,2321.17,1.8748e+02,3546.2,0.985
15-10-2021 18:15:56,14.3995,159.1432,2318.04,1.8770e+02,3551.4,0.986
15-10-2021 18:16:02,14.3995,158.9469,2316.16,1.8793e+02,3556.5,0.988
15-10-2021 18:16:07,14.3983,158.8160,2312.41,1.8817e+02,3561.7,0.989
15-10-2021 18:16:12,14.3983,158.6851,2310.53,1.8839e+02,3566.9,0.991
15-10-2021 18:16:17,14.3995,158.4724,2309.91,1.8862e+02,3572.0,0.992
15-10-2021 18:16:22,14.3995,158.3579,2307.41,1.8884e+02,3577.2,0.994
15-10-2021 18:16:27,14.3995,158.2270,2303.65,1.8907e+02,3582.3,0.995
15-10-2021 18:16:33,14.3995,157.9816,2301.78,1.8931e+02,3587.5,0.997
15-10-2021 18:16:38,14.3995,157.8834,2298.65,1.8953e+02,3592.7,0.998
15-10-2021 18:16:43,14.3983,157.6543,2295.52,1.8975e+02,3597.8,0.999
15-10-2021 18:16:48,14.3983,157.6216,2292.39,1.8998e+02,3603.0,1.001
15-10-2021 18:16:53,14.3995,157.3598,2292.39,1.9020e+02,3608.1,1.002
15-10-2021 18:16:58,14.3983,157.2617,2290.52,1.9042e+02,3613.3,1.004
15-10-2021 18:17:04,14.3995,157.0490,2286.76,1.9066e+02,3618.4,1.005
15-10-2021 18:17:09,14.3995,156.9017,2284.26,1.9088e+02,3623.6,1.007
15-10-2021 18:17:14,14.3995,156.7054,2281.14,1.9110e+02,3628.7,1.008
15-10-2021 18:17:19,14.3995,156.5091,2278.63,1.9132e+02,3633.8,1.009
15-10-2021 18:17:24,14.3995,156.3945,2276.76,1.9154e+02,3638.8,1.011
15-10-2021 18:17:29,14.3983,156.2309,2274.88,1.9176e+02,3644.0,1.012
15-10-2021 18:17:34,14.3983,156.0509,2273.63,1.9199e+02,3649.1,1.014
15-10-2021 18:17:39,14.3983,155.9364,2270.50,1.9221e+02,3654.2,1.015
15-10-2021 18:17:45,14.3983,155.7565,2268.00,1.9244e+02,3659.4,1.016
15-10-2021 18:17:50,14.3995,155.4783,2264.87,1.9265e+02,3664.5,1.018
15-10-2021 18:17:55,14.3983,155.3802,2262.37,1.9287e+02,3669.6,1.019
15-10-2021 18:18:00,14.3983,155.1020,2259.87,1.9309e+02,3674.7,1.021
15-10-2021 18:18:05,14.3983,154.9384,2257.99,1.9331e+02,3679.9,1.022
15-10-2021 18:18:10,14.3995,154.7912,2255.49,1.9354e+02,3685.1,1.024
15-10-2021 18:18:15,14.3995,154.6767,2252.36,1.9375e+02,3690.2,1.025
15-10-2021 18:18:20,14.3995,154.4803,2249.86,1.9398e+02,3695.4,1.026
15-10-2021 18:18:26,14.3983,154.3331,2246.73,1.9419e+02,3700.5,1.028
15-10-2021 18:18:31,14.3983,154.1040,2244.23,1.9443e+02,3705.7,1.029
15-10-2021 18:18:36,14.3995,153.8750,2241.73,1.9465e+02,3710.8,1.031
15-10-2021 18:18:41,14.3983,153.6950,2238.60,1.9487e+02,3715.9,1.032
15-10-2021 18:18:46,14.3983,153.5805,2235.47,1.9509e+02,3721.1,1.034
15-10-2021 18:18:51,14.3983,153.4169,2232.97,1.9531e+02,3726.2,1.035
15-10-2021 18:18:57,14.3983,153.2859,2231.72,1.9552e+02,3731.4,1.036
15-10-2021 18:19:02,14.3983,153.0242,2229.22,1.9574e+02,3736.5,1.038
15-10-2021 18:19:07,14.3983,152.7624,2225.47,1.9596e+02,3741.6,1.039
15-10-2021 18:19:12,14.3995,152.5661,2221.09,1.9618e+02,3746.7,1.041
15-10-2021 18:19:17,14.3983,152.4025,2219.21,1.9640e+02,3751.9,1.042
15-10-2021 18:19:22,14.3995,152.2552,2216.71,1.9661e+02,3757.0,1.044
15-10-2021 18:19:27,14.3983,152.1080,2214.21,1.9683e+02,3762.2,1.045
15-10-2021 18:19:32,14.3995,151.9116,2211.71,1.9704e+02,3767.3,1.046
15-10-2021 18:19:38,14.3995,151.7153,2209.20,1.9726e+02,3772.4,1.048
15-10-2021 18:19:43,14.3995,151.5026,2206.70,1.9748e+02,3777.5,1.049
15-10-2021 18:19:48,14.3995,151.2408,2202.95,1.9769e+02,3782.7,1.051
15-10-2021 18:19:53,14.3983,151.1100,2200.45,1.9790e+02,3787.8,1.052
15-10-2021 18:19:58,14.3983,150.9300,2197.32,1.9812e+02,3793.0,1.054
15-10-2021 18:20:03,14.3995,150.6682,2195.44,1.9833e+02,3798.1,1.055
15-10-2021 18:20:08,14.3983,150.5210,2193.57,1.9855e+02,3803.3,1.056
15-10-2021 18:20:14,14.3995,150.3246,2190.44,1.9877e+02,3808.4,1.058
15-10-2021 18:20:19,14.3995,150.1446,2186.69,1.9899e+02,3813.6,1.059
15-10-2021 18:20:24,14.3995,149.8174,2182.93,1.9920e+02,3818.7,1.061
15-10-2021 18:20:29,14.3995,149.7029,2179.81,1.9941e+02,3823.9,1.062
15-10-2021 18:20:34,14.3995,149.5720,2179.18,1.9963e+02,3829.0,1.064
15-10-2021 18:20:39,14.3983,149.4411,2175.43,1.9985e+02,3834.1,1.065
15-10-2021 18:20:44,14.3995,149.1303,2173.55,2.0005e+02,3839.3,1.066
15-10-2021 18:20:50,14.3983,148.9994,2170.42,2.0026e+02,3844.5,1.068
15-10-2021 18:20:55,14.3995,148.7212,2164.80,2.0048e+02,3849.6,1.069
15-10-2021 18:21:00,14.3995,148.5249,2161.67,2.0069e+02,3854.7,1.071
15-10-2021 18:21:05,14.3995,148.2795,2160.42,2.0091e+02,3859.9,1.072
15-10-2021 18:21:10,14.3983,148.1159,2157.91,2.0112e+02,3865.0,1.074
15-10-2021 18:21:15,14.3995,147.9359,2153.54,2.0132e+02,3870.2,1.075
15-10-2021 18:21:20,14.3983,147.7560,2151.66,2.0154e+02,3875.3,1.076
15-10-2021 18:21:26,14.3995,147.4451,2147.28,2.0175e+02,3880.5,1.078
15-10-2021 18:21:31,14.3995,147.3142,2144.15,2.0197e+02,3885.6,1.079
15-10-2021 18:21:36,14.3995,147.0524,2141.65,2.0216e+02,3890.8,1.081
15-10-2021 18:21:41,14.3983,146.8070,2139.78,2.0237e+02,3895.9,1.082
15-10-2021 18:21:46,14.3983,146.7252,2136.65,2.0259e+02,3901.0,1.084
15-10-2021 18:21:51,14.3983,146.5289,2132.90,2.0281e+02,3906.2,1.085
15-10-2021 18:21:56,14.3983,146.2180,2131.02,2.0300e+02,3911.3,1.086
15-10-2021 18:22:02,14.3983,146.0053,2126.64,2.0322e+02,3916.5,1.088
15-10-2021 18:22:07,14.3995,145.7763,2122.26,2.0343e+02,3921.7,1.089
15-10-2021 18:22:12,14.3983,145.5472,2118.51,2.0364e+02,3926.8,1.091
15-10-2021 18:22:17,14.3995,145.2691,2116.01,2.0384e+02,3931.9,1.092
15-10-2021 18:22:22,14.3995,145.0728,2112.88,2.0405e+02,3937.0,1.094
15-10-2021 18:22:27,14.3983,144.9582,2109.75,2.0426e+02,3942.2,1.095
15-10-2021 18:22:32,14.3995,144.6637,2107.25,2.0445e+02,3947.3,1.096
15-10-2021 18:22:38,14.3995,144.4837,2104.12,2.0467e+02,3952.4,1.098
15-10-2021 18:22:43,14.3995,144.2383,2100.37,2.0488e+02,3957.6,1.099
15-10-2021 18:22:48,14.3995,143.9275,2096.62,2.0507e+02,3962.7,1.101
15-10-2021 18:22:53,14.3995,143.7311,2093.49,2.0528e+02,3967.8,1.102
15-10-2021 18:22:58,14.3983,143.4367,2090.36,2.0550e+02,3973.0,1.104
15-10-2021 18:23:03,14.3983,143.3058,2086.61,2.0569e+02,3978.1,1.105
15-10-2021 18:23:08,14.3995,143.0113,2084.11,2.0590e+02,3983.3,1.106
15-10-2021 18:23:14,14.3995,142.7986,2080.35,2.0609e+02,3988.4,1.108
15-10-2021 18:23:19,14.3995,142.5695,2076.60,2.0630e+02,3993.5,1.109
15-10-2021 18:23:24,14.3995,142.3568,2072.22,2.0651e+02,3998.7,1.111
15-10-2021 18:23:29,14.3983,142.0950,2068.47,2.0671e+02,4003.8,1.112
15-10-2021 18:23:34,14.3983,141.8660,2065.34,2.0692e+02,4009.0,1.114
15-10-2021 18:23:39,14.3983,141.5388,2062.84,2.0711e+02,4014.1,1.115
15-10-2021 18:23:44,14.3983,141.3752,2059.09,2.0732e+02,4019.2,1.116
15-10-2021 18:23:50,14.3995,141.2116,2055.96,2.0751e+02,4024.4,1.118
15-10-2021 18:23:55,14.3995,140.8680,2052.21,2.0772e+02,4029.5,1.119
15-10-2021 18:24:00,14.3995,140.5408,2047.83,2.0791e+02,4034.6,1.121
15-10-2021 18:24:05,14.3983,140.2790,2044.08,2.0812e+02,4039.8,1.122
15-10-2021 18:24:10,14.3995,140.0172,2039.70,2.0832e+02,4044.9,1.124
15-10-2021 18:24:15,14.3983,139.8536,2036.57,2.0853e+02,4050.1,1.125
15-10-2021 18:24:20,14.3983,139.6900,2031.57,2.0872e+02,4055.2,1.126
15-10-2021 18:24:25,14.3995,139.3628,2029.69,2.0892e+02,4060.3,1.128
15-10-2021 18:24:31,14.3995,139.0519,2024.06,2.0911e+02,4065.4,1.129
15-10-2021 18:24:36,14.3983,138.8556,2020.93,2.0932e+02,4070.5,1.131
15-10-2021 18:24:41,14.3995,138.4466,2017.18,2.0951e+02,4075.6,1.132
15-10-2021 18:24:46,14.3995,138.2502,2014.05,2.0971e+02,4080.8,1.134
15-10-2021 18:24:51,14.3983,137.9884,2009.05,2.0991e+02,4085.9,1.135
15-10-2021 18:24:56,14.3983,137.7594,2005.92,2.1009e+02,4091.0,1.136
15-10-2021 18:25:01,14.3983,137.3995,2002.80,2.1030e+02,4096.2,1.138
15-10-2021 18:25:06,14.3983,137.2031,1998.42,2.1049e+02,4101.3,1.139
15-10-2021 18:25:12,14.3983,136.9904,1994.66,2.1068e+02,4106.4,1.141
15-10-2021 18:25:17,14.3995,136.6141,1989.03,2.1089e+02,4111.6,1.142
15-10-2021 18:25:22,14.3995,136.3687,1985.28,2.1108e+02,4116.7,1.144
15-10-2021 18:25:27,14.3983,136.1396,1981.53,2.1127e+02,4121.9,1.145
15-10-2021 18:25:32,14.3995,135.8942,1978.40,2.1147e+02,4127.0,1.146
15-10-2021 18:25:37,14.3995,135.5016,1974.02,2.1166e+02,4132.1,1.148
15-10-2021 18:25:42,14.3995,135.2562,1970.90,2.1185e+02,4137.3,1.149
15-10-2021 18:25:48,14.3983,135.0271,1964.64,2.1206e+02,4142.4,1.151
15-10-2021 18:25:53,14.3983,134.7162,1960.26,2.1225e+02,4147.6,1.152
15-10-2021 18:25:58,14.3983,134.4218,1957.76,2.1243e+02,4152.7,1.154
15-10-2021 18:26:03,14.3983,134.1109,1953.38,2.1262e+02,4157.9,1.155
15-10-2021 18:26:08,14.3983,133.8982,1948.38,2.1281e+02,4163.0,1.156
15-10-2021 18:26:13,14.3983,133.5710,1945.88,2.1302e+02,4168.2,1.158
15-10-2021 18:26:18,14.3995,133.3092,1940.87,2.1320e+02,4173.3,1.159
15-10-2021 18:26:24,14.3983,133.0147,1936.49,2.1339e+02,4178.5,1.161
15-10-2021 18:26:29,14.3995,132.5730,1930.24,2.1358e+02,4183.6,1.162
15-10-2021 18:26:34,14.3983,132.3439,1927.11,2.1377e+02,4188.8,1.164
15-10-2021 18:26:39,14.3995,132.0167,1923.36,2.1395e+02,4193.9,1.165
15-10-2021 18:26:44,14.3995,131.8040,1920.23,2.1416e+02,4199.1,1.166
15-10-2021 18:26:49,14.3983,131.5586,1915.23,2.1434e+02,4204.2,1.168
15-10-2021 18:26:55,14.3983,131.2477,1910.85,2.1453e+02,4209.4,1.169
15-10-2021 18:27:00,14.3995,130.9205,1907.10,2.1471e+02,4214.6,1.171
15-10-2021 18:27:05,14.3995,130.5933,1901.47,2.1490e+02,4219.7,1.172
15-10-2021 18:27:10,14.3983,130.3315,1896.46,2.1508e+02,4224.8,1.174
15-10-2021 18:27:15,14.3983,129.9879,1892.71,2.1527e+02,4230.0,1.175
15-10-2021 18:27:20,14.3983,129.5953,1888.96,2.1545e+02,4235.1,1.176
15-10-2021 18:27:25,14.3995,129.4317,1883.33,2.1564e+02,4240.3,1.178
15-10-2021 18:27:31,14.3995,129.1044,1878.95,2.1582e+02,4245.4,1.179
15-10-2021 18:27:36,14.3995,128.7445,1874.57,2.1601e+02,4250.5,1.181
15-10-2021 18:27:41,14.3995,128.4173,1870.19,2.1619e+02,4255.7,1.182
15-10-2021 18:27:46,14.3983,128.1228,1864.56,2.1637e+02,4260.8,1.184
15-10-2021 18:27:51,14.3983,127.8119,1860.19,2.1656e+02,4266.0,1.185
15-10-2021 18:27:56,14.3995,127.4193,1855.81,2.1674e+02,4271.1,1.186
15-10-2021 18:28:01,14.3983,127.1575,1850.80,2.1692e+02,4276.3,1.188
15-10-2021 18:28:07,14.3995,126.7975,1847.68,2.1711e+02,4281.4,1.189
15-10-2021 18:28:12,14.3995,126.4703,1842.05,2.1729e+02,4286.6,1.191
15-10-2021 18:28:17,14.3995,126.0777,1837.04,2.1748e+02,4291.7,1.192
15-10-2021 18:28:22,14.3995,125.7832,1831.41,2.1764e+02,4296.8,1.194
15-10-2021 18:28:27,14.3983,125.5050,1828.29,2.1782e+02,4302.0,1.195
15-10-2021 18:28:32,14.3983,125.2596,1823.91,2.1800e+02,4307.1,1.196
15-10-2021 18:28:37,14.3983,125.0142,1819.53,2.1818e+02,4312.2,1.198
15-10-2021 18:28:42,14.3995,124.5561,1813.90,2.1837e+02,4317.4,1.199
15-10-2021 18:28:48,14.3983,124.1798,1809.52,2.1855e+02,4322.5,1.201
15-10-2021 18:28:53,14.3983,123.9180,1803.89,2.1871e+02,4327.7,1.202
15-10-2021 18:28:58,14.3983,123.5581,1800.76,2.1889e+02,4332.9,1.204
15-10-2021 18:29:03,14.3995,123.1818,1795.13,2.1907e+02,4338.0,1.205
15-10-2021 18:29:08,14.3983,122.9036,1790.76,2.1925e+02,4343.1,1.206
15-10-2021 18:29:13,14.3995,122.5928,1785.13,2.1941e+02,4348.2,1.208
15-10-2021 18:29:19,14.3983,122.2819,1779.50,2.1959e+02,4353.4,1.209
15-10-2021 18:29:24,14.3995,121.8892,1774.49,2.1977e+02,4358.5,1.211
15-10-2021 18:29:29,14.3995,121.4966,1769.49,2.1995e+02,4363.6,1.212
15-10-2021 18:29:34,14.3995,121.2348,1764.49,2.2011e+02,4368.8,1.214
15-10-2021 18:29:39,14.3983,120.9076,1760.11,2.2029e+02,4373.9,1.215
15-10-2021 18:29:44,14.3983,120.5967,1755.73,2.2047e+02,4379.1,1.216
15-10-2021 18:29:49,14.3995,120.2695,1749.47,2.2063e+02,4384.2,1.218
15-10-2021 18:29:55,14.3995,119.8278,1745.72,2.2081e+02,4389.4,1.219
15-10-2021 18:30:00,14.3995,119.5660,1741.97,2.2097e+02,4394.5,1.221
15-10-2021 18:30:05,14.3983,119.2388,1735.09,2.2115e+02,4399.7,1.222
15-10-2021 18:30:10,14.3995,118.8134,1730.71,2.2133e+02,4404.8,1.224
15-10-2021 18:30:15,14.3983,118.5680,1726.33,2.2148e+02,4409.9,1.225
15-10-2021 18:30:20,14.3995,118.1099,1721.33,2.2166e+02,4415.1,1.226
15-10-2021 18:30:25,14.3995,117.8317,1715.07,2.2182e+02,4420.3,1.228
15-10-2021 18:30:31,14.3995,117.5372,1710.69,2.2200e+02,4425.4,1.229
15-10-2021 18:30:36,14.3983,117.1446,1705.69,2.2215e+02,4430.5,1.231
15-10-2021 18:30:41,14.3983,116.8173,1701.31,2.2233e+02,4435.7,1.232
15-10-2021 18:30:46,14.3995,116.2938,1695.06,2.2249e+02,4440.8,1.234
15-10-2021 18:30:51,14.3983,116.0320,1690.68,2.2266e+02,4446.0,1.235
15-10-2021 18:30:56,14.3983,115.7866,1685.05,2.2282e+02,4451.1,1.236
15-10-2021 18:31:01,14.3983,115.4921,1681.30,2.2300e+02,4456.3,1.238
15-10-2021 18:31:07,14.3995,115.0831,1675.67,2.2315e+02,4461.4,1.239
15-10-2021 18:31:12,14.3983,114.7231,1670.66,2.2331e+02,4466.5,1.241
15-10-2021 18:31:17,14.3995,114.3796,1665.03,2.2348e+02,4471.6,1.242
15-10-2021 18:31:22,14.3983,113.9542,1660.03,2.2364e+02,4476.8,1.244
15-10-2021 18:31:27,14.3995,113.6106,1655.65,2.2382e+02,4482.0,1.245
15-10-2021 18:31:32,14.3995,113.2997,1649.40,2.2397e+02,4487.1,1.246
15-10-2021 18:31:37,14.3983,113.0216,1645.02,2.2412e+02,4492.3,1.248
15-10-2021 18:31:43,14.3983,112.5635,1640.64,2.2430e+02,4497.4,1.249
15-10-2021 18:31:48,14.3995,112.2199,1635.64,2.2445e+02,4502.5,1.251
15-10-2021 18:31:53,14.3995,111.8927,1629.38,2.2461e+02,4507.7,1.252
15-10-2021 18:31:58,14.3983,111.5328,1623.75,2.2476e+02,4512.9,1.254
15-10-2021 18:32:03,14.3995,111.1728,1618.75,2.2494e+02,4518.0,1.255
15-10-2021 18:32:08,14.3995,110.7965,1614.37,2.2509e+02,4523.1,1.256
15-10-2021 18:32:13,14.3983,110.5347,1608.74,2.2525e+02,4528.3,1.258
15-10-2021 18:32:19,14.3995,110.0930,1603.74,2.2540e+02,4533.5,1.259
15-10-2021 18:32:24,14.3983,109.7821,1599.36,2.2557e+02,4538.6,1.261
15-10-2021 18:32:29,14.3995,109.3895,1591.85,2.2572e+02,4543.8,1.262
15-10-2021 18:32:34,14.3995,109.0132,1588.10,2.2588e+02,4548.9,1.264
15-10-2021 18:32:39,14.3983,108.6696,1583.10,2.2603e+02,4554.0,1.265
15-10-2021 18:32:44,14.3995,108.3096,1578.09,2.2618e+02,4559.2,1.266
15-10-2021 18:32:49,14.3995,107.9988,1573.09,2.2635e+02,4564.3,1.268
15-10-2021 18:32:55,14.3983,107.7206,1568.08,2.2650e+02,4569.4,1.269
15-10-2021 18:33:00,14.3995,107.3116,1561.83,2.2665e+02,4574.6,1.271
15-10-2021 18:33:05,14.3983,106.8372,1555.58,2.2680e+02,4579.7,1.272
15-10-2021 18:33:10,14.3983,106.4772,1552.45,2.2695e+02,4584.9,1.274
15-10-2021 18:33:15,14.3995,106.1991,1546.19,2.2711e+02,4590.0,1.275
15-10-2021 18:33:20,14.3983,105.8064,1541.19,2.2725e+02,4595.1,1.276
15-10-2021 18:33:25,14.3983,105.4792,1536.81,2.2741e+02,4600.3,1.278
15-10-2021 18:33:31,14.3995,105.1029,1530.56,2.2755e+02,4605.4,1.279
15-10-2021 18:33:36,14.3995,104.7102,1526.18,2.2771e+02,4610.6,1.281
15-10-2021 18:33:41,14.3995,104.3667,1519.30,2.2785e+02,4615.7,1.282
15-10-2021 18:33:46,14.3995,103.9740,1514.29,2.2800e+02,4620.9,1.284
15-10-2021 18:33:51,14.3983,103.7122,1508.66,2.2815e+02,4626.1,1.285
15-10-2021 18:33:56,14.3995,103.3359,1506.16,2.2830e+02,4631.2,1.286
15-10-2021 18:34:02,14.3995,102.9596,1499.91,2.2845e+02,4636.3,1.288
15-10-2021 18:34:07,14.3983,102.6487,1495.53,2.2859e+02,4641.4,1.289
15-10-2021 18:34:12,14.3995,102.2234,1488.02,2.2874e+02,4646.6,1.291
15-10-2021 18:34:17,14.3983,101.8307,1483.64,2.2889e+02,4651.8,1.292
15-10-2021 18:34:22,14.3995,101.4708,1479.27,2.2904e+02,4656.9,1.294
15-10-2021 18:34:27,14.3995,101.1435,1473.01,2.2918e+02,4662.1,1.295
15-10-2021 18:34:32,14.3995,100.7345,1467.38,2.2933e+02,4667.2,1.296
15-10-2021 18:34:37,14.3995,100.4237,1461.75,2.2948e+02,4672.3,1.298
15-10-2021 18:34:43,14.3995,100.0964,1458.00,2.2960e+02,4677.5,1.299
15-10-2021 18:34:48,14.3995,99.7201,1453.00,2.2975e+02,4682.6,1.301
15-10-2021 18:34:53,14.3995,99.2947,1447.99,2.2989e+02,4687.7,1.302
15-10-2021 18:34:58,14.3983,99.0003,1442.99,2.3004e+02,4692.9,1.304
15-10-2021 18:35:03,14.3983,98.6730,1437.36,2.3019e+02,4698.0,1.305
15-10-2021 18:35:08,14.3983,98.3622,1431.10,2.3031e+02,4703.2,1.306
15-10-2021 18:35:14,14.3983,97.9695,1426.73,2.3046e+02,4708.4,1.308
15-10-2021 18:35:19,14.3995,97.6259,1421.10,2.3060e+02,4713.5,1.309
15-10-2021 18:35:24,14.3983,97.2333,1414.84,2.3075e+02,4718.7,1.311
15-10-2021 18:35:29,14.3983,96.8079,1409.84,2.3087e+02,4723.8,1.312
15-10-2021 18:35:34,14.3983,96.4970,1405.46,2.3102e+02,4729.0,1.314
15-10-2021 18:35:39,14.3995,96.0880,1399.83,2.3116e+02,4734.2,1.315
15-10-2021 18:35:44,14.3995,95.7935,1395.45,2.3130e+02,4739.3,1.316
15-10-2021 18:35:50,14.3983,95.4008,1388.57,2.3142e+02,4744.4,1.318
15-10-2021 18:35:55,14.3995,94.9754,1384.82,2.3157e+02,4749.6,1.319
15-10-2021 18:36:00,14.3983,94.7300,1378.56,2.3171e+02,4754.8,1.321
15-10-2021 18:36:05,14.3995,94.3865,1373.56,2.3183e+02,4759.9,1.322
15-10-2021 18:36:10,14.3995,93.9938,1369.18,2.3197e+02,4765.0,1.324
15-10-2021 18:36:15,14.3983,93.6666,1363.55,2.3210e+02,4770.2,1.325
15-10-2021 18:36:20,14.3995,93.2248,1357.92,2.3224e+02,4775.3,1.326
15-10-2021 18:36:26,14.3995,92.8812,1354.17,2.3238e+02,4780.4,1.328
15-10-2021 18:36:31,14.3995,92.5377,1348.54,2.3249e+02,4785.5,1.329
15-10-2021 18:36:36,14.3983,92.1941,1341.03,2.3264e+02,4790.7,1.331
15-10-2021 18:36:41,14.3995,91.8014,1337.91,2.3278e+02,4795.9,1.332
15-10-2021 18:36:46,14.3995,91.4906,1332.28,2.3290e+02,4801.0,1.334
15-10-2021 18:36:51,14.3995,91.1633,1326.65,2.3304e+02,4806.2,1.335
15-10-2021 18:36:56,14.3983,90.8198,1321.64,2.3316e+02,4811.3,1.336
15-10-2021 18:37:02,14.3995,90.4271,1316.64,2.3329e+02,4816.4,1.338
15-10-2021 18:37:07,14.3983,90.1162,1312.26,2.3341e+02,4821.5,1.339
15-10-2021 18:37:12,14.3995,89.6418,1305.38,2.3355e+02,4826.6,1.341
15-10-2021 18:37:17,14.3995,89.2982,1300.38,2.3366e+02,4831.7,1.342
15-10-2021 18:37:22,14.3995,89.0691,1296.63,2.3380e+02,4836.8,1.344
15-10-2021 18:37:27,14.3995,88.6928,1291.00,2.3391e+02,4841.9,1.345
15-10-2021 18:37:32,14.3983,88.3165,1286.62,2.3405e+02,4847.0,1.346
15-10-2021 18:37:37,14.3983,88.0384,1281.61,2.3417e+02,4852.2,1.348
15-10-2021 18:37:42,14.3983,87.7112,1277.24,2.3430e+02,4857.2,1.349
15-10-2021 18:37:48,14.3983,87.4167,1272.23,2.3442e+02,4862.4,1.351
15-10-2021 18:37:53,14.3983,87.0077,1266.60,2.3455e+02,4867.6,1.352
15-10-2021 18:37:58,14.3983,86.5496,1262.22,2.3467e+02,4872.7,1.354
15-10-2021 18:38:03,14.3995,86.1896,1256.59,2.3478e+02,4877.8,1.355
15-10-2021 18:38:08,14.3995,85.9442,1251.59,2.3492e+02,4883.0,1.356
15-10-2021 18:38:13,14.3983,85.6661,1246.59,2.3503e+02,4888.1,1.358
15-10-2021 18:38:18,14.3995,85.2079,1242.83,2.3517e+02,4893.2,1.359
15-10-2021 18:38:24,14.3983,84.9625,1237.20,2.3529e+02,4898.4,1.361
15-10-2021 18:38:29,14.3983,84.5699,1230.32,2.3540e+02,4903.5,1.362
15-10-2021 18:38:34,14.3983,84.2099,1225.32,2.3553e+02,4908.6,1.363
15-10-2021 18:38:39,14.3983,83.8991,1220.94,2.3565e+02,4913.8,1.365
15-10-2021 18:38:44,14.3995,83.5064,1217.19,2.3576e+02,4919.0,1.366
15-10-2021 18:38:49,14.3983,83.2446,1211.56,2.3589e+02,4924.1,1.368
15-10-2021 18:38:54,14.3983,82.8847,1206.56,2.3600e+02,4929.2,1.369
15-10-2021 18:38:59,14.3995,82.5247,1202.18,2.3611e+02,4934.3,1.371
15-10-2021 18:39:05,14.3983,82.2466,1197.17,2.3624e+02,4939.4,1.372
15-10-2021 18:39:10,14.3983,81.8867,1190.92,2.3636e+02,4944.6,1.374
15-10-2021 18:39:15,14.3983,81.6249,1186.54,2.3647e+02,4949.8,1.375
15-10-2021 18:39:20,14.3983,81.2977,1182.79,2.3658e+02,4954.9,1.376
15-10-2021 18:39:25,14.3983,80.9377,1178.41,2.3669e+02,4960.1,1.378
15-10-2021 18:39:30,14.3983,80.6105,1175.28,2.3682e+02,4965.3,1.379
15-10-2021 18:39:36,14.3995,80.2997,1168.40,2.3694e+02,4970.4,1.381
15-10-2021 18:39:41,14.3995,79.8906,1164.02,2.3704e+02,4975.6,1.382
15-10-2021 18:39:46,14.3995,79.5471,1157.77,2.3716e+02,4980.7,1.384
15-10-2021 18:39:51,14.3983,79.2526,1154.64,2.3729e+02,4985.8,1.385
15-10-2021 18:39:56,14.3995,78.9090,1150.26,2.3740e+02,4991.0,1.386
15-10-2021 18:40:01,14.3995,78.5981,1145.26,2.3750e+02,4996.2,1.388
15-10-2021 18:40:06,14.3995,78.3363,1140.88,2.3761e+02,5001.3,1.389
15-10-2021 18:40:12,14.3983,77.9600,1135.88,2.3772e+02,5006.4,1.391
15-10-2021 18:40:17,14.3995,77.5837,1130.25,2.3783e+02,5011.6,1.392
15-10-2021 18:40:22,14.3983,77.3220,1126.49,2.3796e+02,5016.7,1.394
15-10-2021 18:40:27,14.3983,77.0111,1121.49,2.3806e+02,5021.8,1.395
15-10-2021 18:40:32,14.3983,76.7330,1117.11,2.3817e+02,5026.9,1.396
15-10-2021 18:40:37,14.3983,76.3730,1113.36,2.3828e+02,5032.1,1.398
15-10-2021 18:40:42,14.3995,76.0294,1107.73,2.3838e+02,5037.2,1.399
15-10-2021 18:40:48,14.3983,75.7677,1103.35,2.3848e+02,5042.4,1.401
15-10-2021 18:40:53,14.3995,75.3750,1097.72,2.3859e+02,5047.5,1.402
15-10-2021 18:40:58,14.3995,75.0151,1093.34,2.3870e+02,5052.6,1.404
15-10-2021 18:41:03,14.3995,74.7696,1088.34,2.3883e+02,5057.8,1.405
15-10-2021 18:41:08,14.3983,74.4097,1083.96,2.3893e+02,5062.9,1.406
15-10-2021 18:41:13,14.3983,74.1970,1078.96,2.3903e+02,5068.1,1.408
15-10-2021 18:41:18,14.3983,73.8534,1075.83,2.3914e+02,5073.2,1.409
15-10-2021 18:41:23,14.3995,73.5262,1070.83,2.3924e+02,5078.3,1.411
15-10-2021 18:41:29,14.3995,73.2644,1065.20,2.3934e+02,5083.5,1.412
15-10-2021 18:41:34,14.3995,72.8718,1061.44,2.3945e+02,5088.6,1.414
15-10-2021 18:41:39,14.3995,72.5773,1057.69,2.3955e+02,5093.8,1.415
15-10-2021 18:41:44,14.3983,72.3482,1053.31,2.3966e+02,5098.9,1.416
15-10-2021 18:41:49,14.3995,72.0210,1048.31,2.3976e+02,5104.0,1.418
15-10-2021 18:41:54,14.3983,71.7429,1044.56,2.3986e+02,5109.2,1.419
15-10-2021 18:41:59,14.3995,71.3993,1038.93,2.3996e+02,5114.3,1.421
15-10-2021 18:42:05,14.3983,71.1375,1035.80,2.4006e+02,5119.5,1.422
15-10-2021 18:42:10,14.3995,70.8103,1030.80,2.4016e+02,5124.6,1.424
15-10-2021 18:42:15,14.3995,70.4667,1026.42,2.4026e+02,5129.7,1.425
15-10-2021 18:42:20,14.3983,70.1231,1022.04,2.4037e+02,5134.9,1.426
15-10-2021 18:42:25,14.3983,69.9104,1018.29,2.4047e+02,5140.0,1.428
15-10-2021 18:42:30,14.3983,69.6487,1013.28,2.4056e+02,5145.1,1.429
15-10-2021 18:42:35,14.3995,69.2887,1009.53,2.4067e+02,5150.3,1.431
15-10-2021 18:42:41,14.3995,69.0433,1005.78,2.4076e+02,5155.5,1.432
15-10-2021 18:42:46,14.3983,68.7979,1001.40,2.4087e+02,5160.6,1.434
15-10-2021 18:42:51,14.3995,68.4870,997.64,2.4096e+02,5165.8,1.435
15-10-2021 18:42:56,14.3983,68.2580,993.89,2.4107e+02,5170.9,1.436
15-10-2021 18:43:01,14.3995,67.9471,990.14,2.4116e+02,5176.0,1.438
15-10-2021 18:43:06,14.3995,67.6199,985.76,2.4126e+02,5181.2,1.439
15-10-2021 18:43:11,14.3995,67.4072,980.76,2.4136e+02,5186.3,1.441
15-10-2021 18:43:17,14.3995,67.0800,977.63,2.4146e+02,5191.5,1.442
15-10-2021 18:43:22,14.3983,66.7855,972.63,2.4155e+02,5196.6,1.444
15-10-2021 18:43:27,14.3983,66.4583,967.62,2.4163e+02,5201.7,1.445
15-10-2021 18:43:32,14.3983,66.1147,963.87,2.4172e+02,5206.8,1.446
15-10-2021 18:43:37,14.3995,65.8693,960.12,2.4182e+02,5212.0,1.448
15-10-2021 18:43:42,14.3983,65.6402,955.11,2.4192e+02,5217.1,1.449
15-10-2021 18:43:47,14.3983,65.3294,952.61,2.4201e+02,5222.2,1.451
15-10-2021 18:43:53,14.3983,65.1003,947.61,2.4211e+02,5227.4,1.452
15-10-2021 18:43:58,14.3995,64.7567,943.23,2.4220e+02,5232.5,1.453
15-10-2021 18:44:03,14.3983,64.4622,938.22,2.4229e+02,5237.6,1.455
15-10-2021 18:44:08,14.3995,64.1514,935.10,2.4239e+02,5242.8,1.456
15-10-2021 18:44:13,14.3983,63.9223,931.34,2.4246e+02,5247.9,1.458
15-10-2021 18:44:18,14.3995,63.7096,927.59,2.4256e+02,5253.1,1.459
15-10-2021 18:44:23,14.3983,63.3988,922.59,2.4265e+02,5258.3,1.461
15-10-2021 18:44:29,14.3995,63.1043,918.83,2.4275e+02,5263.4,1.462
15-10-2021 18:44:34,14.3995,62.7934,913.83,2.4284e+02,5268.6,1.464
15-10-2021 18:44:39,14.3983,62.4498,908.83,2.4293e+02,5273.7,1.465
15-10-2021 18:44:44,14.3983,62.1717,905.70,2.4301e+02,5278.9,1.466
15-10-2021 18:44:49,14.3995,61.8936,901.95,2.4310e+02,5284.1,1.468
15-10-2021 18:44:54,14.3983,61.6809,897.57,2.4319e+02,5289.2,1.469
15-10-2021 18:45:00,14.3983,61.4191,893.81,2.4328e+02,5294.3,1.471
15-10-2021 18:45:05,14.3983,61.1246,889.44,2.4338e+02,5299.5,1.472
15-10-2021 18:45:10,14.3995,60.7810,885.06,2.4347e+02,5304.6,1.474
15-10-2021 18:45:15,14.3983,60.4702,881.30,2.4353e+02,5309.8,1.475
15-10-2021 18:45:20,14.3983,60.2575,876.93,2.4362e+02,5314.9,1.476
15-10-2021 18:45:25,14.3983,60.0448,874.42,2.4371e+02,5320.1,1.478
15-10-2021 18:45:30,14.3983,59.8321,870.67,2.4381e+02,5325.2,1.479
15-10-2021 18:45:36,14.3995,59.5049,866.92,2.4389e+02,5330.3,1.481
15-10-2021 18:45:41,14.3983,59.3085,861.91,2.4396e+02,5335.5,1.482
15-10-2021 18:45:46,14.3995,58.9486,857.54,2.4405e+02,5340.7,1.484
15-10-2021 18:45:51,14.3983,58.6050,853.78,2.4414e+02,5345.8,1.485
15-10-2021 18:45:56,14.3983,58.3596,850.03,2.4423e+02,5351.0,1.486
15-10-2021 18:46:01,14.3983,58.0651,846.28,2.4430e+02,5356.1,1.488
15-10-2021 18:46:06,14.3983,57.8688,841.90,2.4439e+02,5361.3,1.489
15-10-2021 18:46:12,14.3983,57.5252,838.15,2.4447e+02,5366.4,1.491
15-10-2021 18:46:17,14.3983,57.2798,833.14,2.4456e+02,5371.6,1.492
15-10-2021 18:46:22,14.3995,57.0180,830.02,2.4462e+02,5376.7,1.494
15-10-2021 18:46:27,14.3983,56.8053,826.89,2.4471e+02,5381.8,1.495
15-10-2021 18:46:32,14.3995,56.4781,823.76,2.4480e+02,5387.0,1.496
15-10-2021 18:46:37,14.3995,56.2817,819.38,2.4488e+02,5392.1,1.498
15-10-2021 18:46:42,14.3983,56.0363,816.25,2.4495e+02,5397.3,1.499
15-10-2021 18:46:48,14.3995,55.6927,811.88,2.4503e+02,5402.5,1.501
15-10-2021 18:46:53,14.3995,55.4637,806.87,2.4512e+02,5407.6,1.502
15-10-2021 18:46:58,14.3995,55.2019,805.00,2.4518e+02,5412.8,1.504
15-10-2021 18:47:03,14.3995,55.0220,801.87,2.4527e+02,5418.0,1.505
15-10-2021 18:47:08,14.3995,54.7929,797.49,2.4536e+02,5423.1,1.506
15-10-2021 18:47:13,14.3983,54.5311,793.11,2.4544e+02,5428.2,1.508
15-10-2021 18:47:19,14.3995,54.2366,789.98,2.4550e+02,5433.4,1.509
15-10-2021 18:47:24,14.3983,53.9749,786.23,2.4558e+02,5438.5,1.511
15-10-2021 18:47:29,14.3995,53.7131,781.85,2.4566e+02,5443.7,1.512
15-10-2021 18:47:34,14.3983,53.4840,779.35,2.4575e+02,5448.8,1.514
15-10-2021 18:47:39,14.3983,53.2877,775.60,2.4581e+02,5454.0,1.515
15-10-2021 18:47:44,14.3983,52.9768,772.47,2.4589e+02,5459.1,1.516
15-10-2021 18:47:49,14.3995,52.7478,768.72,2.4597e+02,5464.2,1.518
15-10-2021 18:47:55,14.3995,52.4860,765.59,2.4605e+02,5469.4,1.519
15-10-2021 18:48:00,14.3995,52.2733,761.21,2.4611e+02,5474.4,1.521
15-10-2021 18:48:05,14.3995,52.0279,758.08,2.4619e+02,5479.6,1.522
15-10-2021 18:48:10,14.3995,51.7825,753.08,2.4627e+02,5484.7,1.524
15-10-2021 18:48:15,14.3983,51.5534,750.58,2.4633e+02,5489.8,1.525
15-10-2021 18:48:20,14.3995,51.3080,746.83,2.4641e+02,5494.9,1.526
